-------- freesurfer-linux-centos7_x86_64-dev-20221114-585f56b --------
Setting up environment for FreeSurfer/FS-FAST (and FSL)
FREESURFER_HOME   /data/users2/washbee/freesurfer
FSFAST_HOME       /data/users2/washbee/freesurfer/fsfast
FSF_OUTPUT_FORMAT nii.gz
SUBJECTS_DIR      /data/users2/washbee/freesurfer/subjects
-------- freesurfer-linux-centos7_x86_64-dev-20221114-585f56b --------
Setting up environment for FreeSurfer/FS-FAST (and FSL)
FREESURFER_HOME   /data/users2/washbee/freesurfer
FSFAST_HOME       /data/users2/washbee/freesurfer/fsfast
FSF_OUTPUT_FORMAT nii.gz
SUBJECTS_DIR      /data/users2/washbee/freesurfer/subjects
MNI_DIR           /data/users2/washbee/freesurfer/mni
pmdata 380036 380036 /data/hcp-plis/drive01/380036/T1w/380036/mri/orig.mgz
MNI_DIR           /data/users2/washbee/freesurfer/mni
pmdata 377451 377451 /data/hcp-plis/drive01/377451/T1w/377451/mri/orig.mgz
-------- freesurfer-linux-centos7_x86_64-dev-20221114-585f56b --------
Setting up environment for FreeSurfer/FS-FAST (and FSL)
FREESURFER_HOME   /data/users2/washbee/freesurfer
FSFAST_HOME       /data/users2/washbee/freesurfer/fsfast
FSF_OUTPUT_FORMAT nii.gz
SUBJECTS_DIR      /data/users2/washbee/freesurfer/subjects
-------- freesurfer-linux-centos7_x86_64-dev-20221114-585f56b --------
Setting up environment for FreeSurfer/FS-FAST (and FSL)
FREESURFER_HOME   /data/users2/washbee/freesurfer
FSFAST_HOME       /data/users2/washbee/freesurfer/fsfast
FSF_OUTPUT_FORMAT nii.gz
SUBJECTS_DIR      /data/users2/washbee/freesurfer/subjects
MNI_DIR           /data/users2/washbee/freesurfer/mni
MNI_DIR           /data/users2/washbee/freesurfer/mni
pmdata 379657 379657 /data/hcp-plis/drive01/379657/T1w/379657/mri/orig.mgz
pmdata 378857 378857 /data/hcp-plis/drive01/378857/T1w/378857/mri/orig.mgz
-------- freesurfer-linux-centos7_x86_64-dev-20221114-585f56b --------
Setting up environment for FreeSurfer/FS-FAST (and FSL)
FREESURFER_HOME   /data/users2/washbee/freesurfer
FSFAST_HOME       /data/users2/washbee/freesurfer/fsfast
FSF_OUTPUT_FORMAT nii.gz
SUBJECTS_DIR      /data/users2/washbee/freesurfer/subjects
MNI_DIR           /data/users2/washbee/freesurfer/mni
pmdata 381038 381038 /data/hcp-plis/drive01/381038/T1w/381038/mri/orig.mgz
[2022-12-20 03:11:17,374][__main__][INFO] - Data Preprocessing Routine
Config:
inputs:
  sample_id: 380036
  mri_vol_path: /data/hcp-plis/drive01/380036/T1w/380036/mri/orig.mgz
  lh_pial_path: /data/hcp-plis/drive01/380036/T1w/380036/surf/lh.pial
  lh_white_path: /data/hcp-plis/drive01/380036/T1w/380036/surf/lh.white
  rh_pial_path: /data/hcp-plis/drive01/380036/T1w/380036/surf/rh.pial
  rh_white_path: /data/hcp-plis/drive01/380036/T1w/380036/surf/rh.white
registration:
  only_rigid: false
  template_path: /deepcsr/resources/MNI152_T1_1mm.nii.gz
sampling:
  num_points: 4000000
  bbox_ratio: 0.1
  bbox_size:
  - 192.0
  - 228.0
  - 192.0
  point_pertub_sigma: 1.0
  distance_method: point2center
outputs:
  output_dir: /data/users2/washbee/speedrun/deepcsr-preprocessed
  compress: true

[2022-12-20 03:11:17,375][__main__][INFO] - 1 - Registering input images...
R_HOME   /data/users2/washbee/freesurfer
FREESURFER_HOME   /data/users2/washbee/freesurfer
FREESURFER_HOME   /data/users2/washbee/freesurfer
FREESURFER_HOME   /data/users2/washbee/freesurfer
FSFAST_HOME       /data/users2/washbee/freesurfer/fsfast
FSFAST_HOME       /data/users2/washbee/freesurfer/fsfast
FSFAST_HOME       /data/users2/washbee/freesurfer/fsfast
FSFAST_HOME       /data/users2/washbee/freesurfer/fsfast
FSFAST_HOME       /data/users2/washbee/freesurfer/fsfast
FSF_OUTPUT_FORMAT nii.gz
FSFAST_HOME       /data/users2/washbee/freesurfer/fsfast
FSF_OUTPUT_FORMAT nii.gz
FSF_OUTPUT_FORMAT nii.gz
FSF_OUTPUT_FORMAT nii.gz
FSF_OUTPUT_FORMAT nii.gz
SUBJECTS_DIR      /data/users2/washbee/freesurfer/subjects
FSF_OUTPUT_FORMAT nii.gz
SUBJECTS_DIR      /data/users2/washbee/freesurfer/subjects
SUBJECTS_DIR      /data/users2/washbee/freesurfer/subjects
SUBJECTS_DIR      /data/users2/washbee/freesurfer/subjects
SUBJECTS_DIR      /data/users2/washbee/freesurfer/subjects
SUBJECTS_DIR      /data/users2/washbee/freesurfer/subjects
MNI_DIR           /data/users2/washbee/freesurfer/mni
MNI_DIR           /data/users2/washbee/freesurfer/mni
MNI_DIR           /data/user[2022-12-20 03:11:17,657][__main__][INFO] - Data Preprocessing Routine
Config:
inputs:
  sample_id: 377451
  mri_vol_path: /data/hcp-plis/drive01/377451/T1w/377451/mri/orig.mgz
  lh_pial_path: /data/hcp-plis/drive01/377451/T1w/377451/surf/lh.pial
  lh_white_path: /data/hcp-plis/drive01/377451/T1w/377451/surf/lh.white
  rh_pial_path: /data/hcp-plis/drive01/377451/T1w/377451/surf/rh.pial
  rh_white_path: /data/hcp-plis/drive01/377451/T1w/377451/surf/rh.white
registration:
  only_rigid: false
  template_path: /deepcsr/resources/MNI152_T1_1mm.nii.gz
sampling:
  num_points: 4000000
  bbox_ratio: 0.1
  bbox_size:
  - 192.0
  - 228.0
  - 192.0
  point_pertub_sigma: 1.0
  distance_method: point2center
outputs:
  output_dir: /data/users2/washbee/speedrun/deepcsr-preprocessed
  compress: true

[2022-12-20 03:11:17,657][__main__][INFO] - 1 - Registering input images...
mri_convert /data/hcp-plis/drive01/377451/T1w/377451/mri/orig.mgz /data/users2/washbee/speedrun/deepcsr-preprocessed/377451/mri.nii.gz 
[2022-12-20 03:11:17,687][__main__][INFO] - Data Preprocessing Routine
Config:
inputs:
  sample_id: 378857
  mri_vol_path: /data/hcp-plis/drive01/378857/T1w/378857/mri/orig.mgz
  lh_pial_path: /data/hcp-plis/drive01/378857/T1w/378857/surf/lh.pial
  lh_white_path: /data/hcp-plis/drive01/378857/T1w/378857/surf/lh.white
  rh_pial_path: /data/hcp-plis/drive01/378857/T1w/378857/surf/rh.pial
  rh_white_path: /data/hcp-plis/drive01/378857/T1w/378857/surf/rh.white
registration:
  only_rigid: false
  template_path: /deepcsr/resources/MNI152_T1_1mm.nii.gz
sampling:
  num_points: 4000000
  bbox_ratio: 0.1
  bbox_size:
  - 192.0
  - 228.0
  - 192.0
  point_pertub_sigma: 1.0
  distance_method: point2center
outputs:
  output_dir: /data/users2/washbee/speedrun/deepcsr-preprocessed
  compress: true

[2022-12-20 03:11:17,687][__main__][INFO] - 1 - Registering input images...
mri_convert /data/hcp-plis/drive01/378857/T1w/378857/mri/orig.mgz /data/users2/washbee/speedrun/deepcsr-preprocessed/378857/mri.nii.gz 
[2022-12-20 03:11:17,741][__main__][INFO] - Data Preprocessing Routine
Config:
inputs:
  sample_id: 381038
  mri_vol_path: /data/hcp-plis/drive01/381038/T1w/381038/mri/orig.mgz
  lh_pial_path: /data/hcp-plis/drive01/381038/T1w/381038/surf/lh.pial
  lh_white_path: /data/hcp-plis/drive01/381038/T1w/381038/surf/lh.white
  rh_pial_path: /data/hcp-plis/drive01/381038/T1w/381038/surf/rh.pial
  rh_white_path: /data/hcp-plis/drive01/381038/T1w/381038/surf/rh.white
registration:
  only_rigid: false
  template_path: /deepcsr/resources/MNI152_T1_1mm.nii.gz
sampling:
  num_points: 4000000
  bbox_ratio: 0.1
  bbox_size:
  - 192.0
  - 228.0
  - 192.0
  point_pertub_sigma: 1.0
  distance_method: point2center
outputs:
  output_dir: /data/users2/washbee/speedrun/deepcsr-preprocessed
  compress: true

[2022-12-20 03:11:17,741][__main__][INFO] - 1 - Registering input images...
mri_convert /data/hcp-plis/drive01/381038/T1w/381038/mri/orig.mgz /data/users2/washbee/speedrun/deepcsr-preprocessed/381038/mri.nii.gz 
[2022-12-20 03:11:17,763][__main__][INFO] - Data Preprocessing Routine
Config:
inputs:
  sample_id: 379657
  mri_vol_path: /data/hcp-plis/drive01/379657/T1w/379657/mri/orig.mgz
  lh_pial_path: /data/hcp-plis/drive01/379657/T1w/379657/surf/lh.pial
  lh_white_path: /data/hcp-plis/drive01/379657/T1w/379657/surf/lh.white
  rh_pial_path: /data/hcp-plis/drive01/379657/T1w/379657/surf/rh.pial
  rh_white_path: /data/hcp-plis/drive01/379657/T1w/379657/surf/rh.white
registration:
  only_rigid: false
  template_path: /deepcsr/resources/MNI152_T1_1mm.nii.gz
sampling:
  num_points: 4000000
  bbox_ratio: 0.1
  bbox_size:
  - 192.0
  - 228.0
  - 192.0
  point_pertub_sigma: 1.0
  distance_method: point2center
outputs:
  output_dir: /data/users2/washbee/speedrun/deepcsr-preprocessed
  compress: true

[2022-12-20 03:11:17,764][__main__][INFO] - 1 - Registering input images...
mri_convert /data/hcp-plis/drive01/379657/T1w/379657/mri/orig.mgz /data/users2/washbee/speedrun/deepcsr-preprocessed/379657/mri.nii.gz 
reading from /data/hcp-plis/drive01/380036/T1w/380036/mri/orig.mgz...
TR=2400.00, TE=0.00, TI=0.00, flip angle=0.00
i_ras = (-1, 0, 0)
j_ras = (0, 0, -1)
k_ras = (0, 1, 0)
writing to /data/users2/washbee/speedrun/deepcsr-preprocessed/380036/mri.nii.gz...
reading from /data/hcp-plis/drive01/377451/T1w/377451/mri/orig.mgz...
TR=2400.00, TE=0.00, TI=0.00, flip angle=0.00
i_ras = (-1, 0, 0)
j_ras = (0, 0, -1)
k_ras = (0, 1, 0)
writing to /data/users2/washbee/speedrun/deepcsr-preprocessed/377451/mri.nii.gz...
reading from /data/hcp-plis/drive01/378857/T1w/378857/mri/orig.mgz...
TR=2400.00, TE=0.00, TI=0.00, flip angle=0.00
i_ras = (-1, 0, 0)
j_ras = (0, 0, -1)
k_ras = (0, 1, 0)
writing to /data/users2/washbee/speedrun/deepcsr-preprocessed/378857/mri.nii.gz...
reading from /data/hcp-plis/drive01/381038/T1w/381038/mri/orig.mgz...
TR=2400.00, TE=0.00, TI=0.00, flip angle=0.00
i_ras = (-1, 0, 0)
j_ras = (0, 0, -1)
k_ras = (0, 1, 0)
writing to /data/users2/washbee/speedrun/deepcsr-preprocessed/381038/mri.nii.gz...
reading from /data/hcp-plis/drive01/379657/T1w/379657/mri/orig.mgz...
TR=2400.00, TE=0.00, TI=0.00, flip angle=0.00
i_ras = (-1, 0, 0)
j_ras = (0, 0, -1)
k_ras = (0, 1, 0)
writing to /data/users2/washbee/speedrun/deepcsr-preprocessed/379657/mri.nii.gz...
[2022-12-20 03:11:26,259][__main__][INFO] - Data Preprocessing Routine
Config:
inputs:
  sample_id: 381543
  mri_vol_path: /data/hcp-plis/drive01/381543/T1w/381543/mri/orig.mgz
  lh_pial_path: /data/hcp-plis/drive01/381543/T1w/381543/surf/lh.pial
  lh_white_path: /data/hcp-plis/drive01/381543/T1w/381543/surf/lh.white
  rh_pial_path: /data/hcp-plis/drive01/381543/T1w/381543/surf/rh.pial
  rh_white_path: /data/hcp-plis/drive01/381543/T1w/381543/surf/rh.white
registration:
  only_rigid: false
  template_path: /deepcsr/resources/MNI152_T1_1mm.nii.gz
sampling:
  num_points: 4000000
  bbox_ratio: 0.1
  bbox_size:
  - 192.0
  - 228.0
  - 192.0
  point_pertub_sigma: 1.0
  distance_method: point2center
outputs:
  output_dir: /data/users2/washbee/speedrun/deepcsr-preprocessed
  compress: true

[2022-12-20 03:11:26,259][__main__][INFO] - 1 - Registering input images...
[2022-12-20 03:11:26,259][__main__][INFO] - Data Preprocessing Routine
Config:
inputs:
  sample_id: 386250
  mri_vol_path: /data/hcp-plis/drive01/386250/T1w/386250/mri/orig.mgz
  lh_pial_path: /data/hcp-plis/drive01/386250/T1w/386250/surf/lh.pial
  lh_white_path: /data/hcp-plis/drive01/386250/T1w/386250/surf/lh.white
  rh_pial_path: /data/hcp-plis/drive01/386250/T1w/386250/surf/rh.pial
  rh_white_path: /data/hcp-plis/drive01/386250/T1w/386250/surf/rh.white
registration:
  only_rigid: false
  template_path: /deepcsr/resources/MNI152_T1_1mm.nii.gz
sampling:
  num_points: 4000000
  bbox_ratio: 0.1
  bbox_size:
  - 192.0
  - 228.0
  - 192.0
  point_pertub_sigma: 1.0
  distance_method: point2center
outputs:
  output_dir: /data/users2/washbee/speedrun/deepcsr-preprocessed
  compress: true

[2022-12-20 03:11:26,260][__main__][INFO] - 1 - Registering input images...
[2022-12-20 03:11:26,260][__main__][INFO] - Data Preprocessing Routine
Config:
inputs:
  sample_id: 385450
  mri_vol_path: /data/hcp-plis/drive01/385450/T1w/385450/mri/orig.mgz
  lh_pial_path: /data/hcp-plis/drive01/385450/T1w/385450/surf/lh.pial
  lh_white_path: /data/hcp-plis/drive01/385450/T1w/385450/surf/lh.white
  rh_pial_path: /data/hcp-plis/drive01/385450/T1w/385450/surf/rh.pial
  rh_white_path: /data/hcp-plis/drive01/385450/T1w/385450/surf/rh.white
registration:
  only_rigid: false
  template_path: /deepcsr/resources/MNI152_T1_1mm.nii.gz
sampling:
  num_points: 4000000
  bbox_ratio: 0.1
  bbox_size:
  - 192.0
  - 228.0
  - 192.0
  point_pertub_sigma: 1.0
  distance_method: point2center
outputs:
  output_dir: /data/users2/washbee/speedrun/deepcsr-preprocessed
  compress: true

[2022-12-20 03:11:26,260][__main__][INFO] - 1 - Registering input images...
[2022-12-20 03:11:26,261][__main__][INFO] - Data Preprocessing Routine
Config:
inputs:
  sample_id: 382242
  mri_vol_path: /data/hcp-plis/drive01/382242/T1w/382242/mri/orig.mgz
  lh_pial_path: /data/hcp-plis/drive01/382242/T1w/382242/surf/lh.pial
  lh_white_path: /data/hcp-plis/drive01/382242/T1w/382242/surf/lh.white
  rh_pial_path: /data/hcp-plis/drive01/382242/T1w/382242/surf/rh.pial
  rh_white_path: /data/hcp-plis/drive01/382242/T1w/382242/surf/rh.white
registration:
  only_rigid: false
  template_path: /deepcsr/resources/MNI152_T1_1mm.nii.gz
sampling:
  num_points: 4000000
  bbox_ratio: 0.1
  bbox_size:
  - 192.0
  - 228.0
  - 192.0
  point_pertub_sigma: 1.0
  distance_method: point2center
outputs:
  output_dir: /data/users2/washbee/speedrun/deepcsr-preprocessed
  compress: true

[2022-12-20 03:11:26,262][__main__][INFO] - 1 - Registering input images...
[2022-12-20 03:11:26,262][__main__][INFO] - Data Preprocessing Routine
Config:
inputs:
  sample_id: 389357
  mri_vol_path: /data/hcp-plis/drive01/389357/T1w/389357/mri/orig.mgz
  lh_pial_path: /data/hcp-plis/drive01/389357/T1w/389357/surf/lh.pial
  lh_white_path: /data/hcp-plis/drive01/389357/T1w/389357/surf/lh.white
  rh_pial_path: /data/hcp-plis/drive01/389357/T1w/389357/surf/rh.pial
  rh_white_path: /data/hcp-plis/drive01/389357/T1w/389357/surf/rh.white
registration:
  only_rigid: false
  template_path: /deepcsr/resources/MNI152_T1_1mm.nii.gz
sampling:
  num_points: 4000000
  bbox_ratio: 0.1
  bbox_size:
  - 192.0
  - 228.0
  - 192.0
  point_pertub_sigma: 1.0
  distance_method: point2center
outputs:
  output_dir: /data/users2/washbee/speedrun/deepcsr-preprocessed
  compress: true

[2022-12-20 03:11:26,262][__main__][INFO] - 1 - Registering input images...
[2022-12-20 03:11:26,262][__main__][INFO] - Data Preprocessing Routine
Config:
inputs:
  sample_id: 387959
  mri_vol_path: /data/hcp-plis/drive01/387959/T1w/387959/mri/orig.mgz
  lh_pial_path: /data/hcp-plis/drive01/387959/T1w/387959/surf/lh.pial
  lh_white_path: /data/hcp-plis/drive01/387959/T1w/387959/surf/lh.white
  rh_pial_path: /data/hcp-plis/drive01/387959/T1w/387959/surf/rh.pial
  rh_white_path: /data/hcp-plis/drive01/387959/T1w/387959/surf/rh.white
registration:
  only_rigid: false
  template_path: /deepcsr/resources/MNI152_T1_1mm.nii.gz
sampling:
  num_points: 4000000
  bbox_ratio: 0.1
  bbox_size:
  - 192.0
  - 228.0
  - 192.0
  point_pertub_sigma: 1.0
  distance_method: point2center
outputs:
  output_dir: /data/users2/washbee/speedrun/deepcsr-preprocessed
  compress: true

[2022-12-20 03:11:26,263][__main__][INFO] - 1 - Registering input images...
mri_convert /data/hcp-plis/drive01/381543/T1w/381543/mri/orig.mgz /data/users2/washbee/speedrun/deepcsr-preprocessed/381543/mri.nii.gz 
mri_convert /data/hcp-plis/drive01/385450/T1w/385450/mri/orig.mgz /data/users2/washbee/speedrun/deepcsr-preprocessed/385450/mri.nii.gz 
mri_convert /data/hcp-plis/drive01/387959/T1w/387959/mri/orig.mgz /data/users2/washbee/speedrun/deepcsr-preprocessed/387959/mri.nii.gz 
mri_convert /data/hcp-plis/drive01/386250/T1w/386250/mri/orig.mgz /data/users2/washbee/speedrun/deepcsr-preprocessed/386250/mri.nii.gz 
mri_convert /data/hcp-plis/drive01/389357/T1w/389357/mri/orig.mgz /data/users2/washbee/speedrun/deepcsr-preprocessed/389357/mri.nii.gz 
mri_convert /data/hcp-plis/drive01/382242/T1w/382242/mri/orig.mgz /data/users2/washbee/speedrun/deepcsr-preprocessed/382242/mri.nii.gz 
reading from /data/hcp-plis/drive01/386250/T1w/386250/mri/orig.mgz...
TR=2400.00, TE=0.00, TI=0.00, flip angle=0.00
i_ras = (-1, 0, 0)
j_ras = (0, 0, -1)
k_ras = (0, 1, 0)
writing to /data/users2/washbee/speedrun/deepcsr-preprocessed/386250/mri.nii.gz...
reading from /data/hcp-plis/drive01/389357/T1w/389357/mri/orig.mgz...
TR=2400.00, TE=0.00, TI=0.00, flip angle=0.00
i_ras = (-1, 0, 0)
j_ras = (0, 0, -1)
k_ras = (0, 1, 0)
writing to /data/users2/washbee/speedrun/deepcsr-preprocessed/389357/mri.nii.gz...
reading from /data/hcp-plis/drive01/385450/T1w/385450/mri/orig.mgz...
TR=2400.00, TE=0.00, TI=0.00, flip angle=0.00
i_ras = (-1, 0, 0)
j_ras = (0, 0, -1)
k_ras = (0, 1, 0)
writing to /data/users2/washbee/speedrun/deepcsr-preprocessed/385450/mri.nii.gz...
reading from /data/hcp-plis/drive01/381543/T1w/381543/mri/orig.mgz...
TR=2400.00, TE=0.00, TI=0.00, flip angle=0.00
i_ras = (-1, 0, 0)
j_ras = (0, 0, -1)
k_ras = (0, 1, 0)
writing to /data/users2/washbee/speedrun/deepcsr-preprocessed/381543/mri.nii.gz...
reading from /data/hcp-plis/drive01/387959/T1w/387959/mri/orig.mgz...
TR=2400.00, TE=0.00, TI=0.00, flip angle=0.00
i_ras = (-1, 0, 0)
j_ras = (0, 0, -1)
k_ras = (0, 1, 0)
writing to /data/users2/washbee/speedrun/deepcsr-preprocessed/387959/mri.nii.gz...
reading from /data/hcp-plis/drive01/382242/T1w/382242/mri/orig.mgz...
TR=2400.00, TE=0.00, TI=0.00, flip angle=0.00
i_ras = (-1, 0, 0)
j_ras = (0, 0, -1)
k_ras = (0, 1, 0)
writing to /data/users2/washbee/speedrun/deepcsr-preprocessed/382242/mri.nii.gz...

[NiftyReg ALADIN] Command line:
	 reg_aladin -ref /deepcsr/resources/MNI152_T1_1mm.nii.gz -flo /data/users2/washbee/speedrun/deepcsr-preprocessed/377451/mri.nii.gz -aff /data/users2/washbee/speedrun/deepcsr-preprocessed/377451/transform_affine.txt

[reg_aladin_sym] Parameters
[reg_aladin_sym] Reference image name: /deepcsr/resources/MNI152_T1_1mm.nii.gz
[reg_aladin_sym] 	182x218x182 voxels
[reg_aladin_sym] 	1x1x1 mm
[reg_aladin_sym] Floating image name: /data/users2/washbee/speedrun/deepcsr-preprocessed/377451/mri.nii.gz
[reg_aladin_sym] 	256x256x256 voxels
[reg_aladin_sym] 	1x1x1 mm
[reg_aladin_sym] Maximum iteration number: 5 (10 during the first level)
[reg_aladin_sym] Percentage of blocks: 50 %
* * * * * * * * * * * * * * * * * * * * * * * * * * * * * * * * * * * * * * * *
[reg_aladin_sym] Current level 1 / 3
[reg_aladin_sym] reference image size: 	46x55x46 voxels	4x4x4 mm
[reg_aladin_sym] floating image size: 	64x64x64 voxels	4x4x4 mm
[reg_aladin_sym] Block size = [4 4 4]
* * * * * * * * * * * * * * * * * * * * * * * * * * * * * * * * * * * * * * * *
[reg_aladin_sym] Forward Block number = [12 14 12]
[reg_aladin_sym] Backward Block number = [16 16 16]
[reg_aladin_sym] Initial forward transformation matrix::
1.0000	0.0000	0.0000	0.0000
0.0000	1.0000	0.0000	-0.5000
0.0000	0.0000	1.0000	0.0000
0.0000	0.0000	0.0000	1.0000
[reg_aladin_sym] Initial backward transformation matrix::
1.0000	0.0000	0.0000	0.0000
0.0000	1.0000	0.0000	0.5000
0.0000	0.0000	1.0000	0.0000
0.0000	0.0000	0.0000	1.0000
* * * * * * * * * * * * * * * * * * * * * * * * * * * * * * * * * * * * * * * *
[reg_aladin_sym] Final forward transformation matrix::
0.9260	-0.0095	0.0059	-0.4320
0.0305	0.9604	0.0072	0.4291
0.0012	-0.0139	0.8952	-0.8832
0.0000	0.0000	0.0000	1.0000
[reg_aladin_sym] Final backward transformation matrix::
1.0796	0.0105	-0.0072	0.4555
-0.0343	1.0408	-0.0081	-0.4686
-0.0019	0.0161	1.1170	0.9788
0.0000	0.0000	0.0000	1.0000
- - - - - - - - - - - - - - - - - - - - - - - - - - - - - - - - - - - - - - - -
[reg_aladin_sym] Current level 2 / 3
[reg_aladin_sym] reference image size: 	91x109x91 voxels	2x2x2 mm
[reg_aladin_sym] floating image size: 	128x128x128 voxels	2x2x2 mm
[reg_aladin_sym] Block size = [4 4 4]
* * * * * * * * * * * * * * * * * * * * * * * * * * * * * * * * * * * * * * * *
[reg_aladin_sym] Forward Block number = [23 28 23]
[reg_aladin_sym] Backward Block number = [32 32 32]
[reg_aladin_sym] Initial forward transformation matrix::
0.9260	-0.0095	0.0059	-0.4320
0.0305	0.9604	0.0072	0.4291
0.0012	-0.0139	0.8952	-0.8832
0.0000	0.0000	0.0000	1.0000
[reg_aladin_sym] Initial backward transformation matrix::
1.0796	0.0105	-0.0072	0.4555
-0.0343	1.0408	-0.0081	-0.4686
-0.0019	0.0161	1.1170	0.9788
0.0000	0.0000	0.0000	1.0000
* * * * * * * * * * * * * * * * * * * * * * * * * * * * * * * * * * * * * * * *
[reg_aladin_sym] Final forward transformation matrix::
0.9325	-0.0122	-0.0032	-0.6215
0.0182	0.9755	0.0120	0.3492
0.0070	-0.0102	0.9049	-1.1169
0.0000	0.0000	0.0000	1.0000
[reg_aladin_sym] Final backward transformation matrix::
1.0721	0.0134	0.0037	0.6657
-0.0199	1.0248	-0.0137	-0.3855
-0.0085	0.0114	1.1050	1.2249
0.0000	0.0000	0.0000	1.0000
- - - - - - - - - - - - - - - - - - - - - - - - - - - - - - - - - - - - - - - -
[reg_aladin_sym] Current level 3 / 3
[reg_aladin_sym] reference image size: 	182x218x182 voxels	1x1x1 mm
[reg_aladin_sym] floating image size: 	256x256x256 voxels	1x1x1 mm
[reg_aladin_sym] Block size = [4 4 4]
* * * * * * * * * * * * * * * * * * * * * * * * * * * * * * * * * * * * * * * *
[reg_aladin_sym] Forward Block number = [46 55 46]
[reg_aladin_sym] Backward Block number = [64 64 64]
[reg_aladin_sym] Initial forward transformation matrix::
0.9325	-0.0122	-0.0032	-0.6215
0.0182	0.9755	0.0120	0.3492
0.0070	-0.0102	0.9049	-1.1169
0.0000	0.0000	0.0000	1.0000
[reg_aladin_sym] Initial backward transformation matrix::
1.0721	0.0134	0.0037	0.6657
-0.0199	1.0248	-0.0137	-0.3855
-0.0085	0.0114	1.1050	1.2249
0.0000	0.0000	0.0000	1.0000
* * * * * * * * * * * * * * * * * * * * * * * * * * * * * * * * * * * * * * * *
[reg_aladin_sym] Final forward transformation matrix::
0.9217	-0.0063	-0.0027	-0.7113
0.0204	0.9592	-0.0050	-0.0529
0.0110	-0.0140	0.8986	-1.1404
0.0000	0.0000	0.0000	1.0000
[reg_aladin_sym] Final backward transformation matrix::
1.0848	0.0072	0.0033	0.7758
-0.0231	1.0425	0.0057	0.0452
-0.0137	0.0162	1.1129	1.2604
0.0000	0.0000	0.0000	1.0000
- - - - - - - - - - - - - - - - - - - - - - - - - - - - - - - - - - - - - - - -
Registration Performed in 1 min 50 sec
Have a good day !

* * * * * * * * * * * * * * * * * * * * * * * * * * * * * * * * * * * * * * * *
Command line:
 reg_resample -ref /deepcsr/resources/MNI152_T1_1mm.nii.gz -flo /data/users2/washbee/speedrun/deepcsr-preprocessed/377451/mri.nii.gz -trans /data/users2/washbee/speedrun/deepcsr-preprocessed/377451/transform_affine.txt -res /data/users2/washbee/speedrun/deepcsr-preprocessed/377451/mri.nii.gz -inter 3

Parameters
Reference image name: /deepcsr/resources/MNI152_T1_1mm.nii.gz
	182x218x182 voxels, 1 volumes
	1x1x1 mm
Floating image name: /data/users2/washbee/speedrun/deepcsr-preprocessed/377451/mri.nii.gz
	256x256x256 voxels, 1 volumes
	1x1x1 mm
* * * * * * * * * * * * * * * * * * * * * * * * * * * * * * * * * * * * * * * *

[NiftyReg] Resampled image has been saved: /data/users2/washbee/speedrun/deepcsr-preprocessed/377451/mri.nii.gz
[2022-12-20 03:13:10,053][__main__][INFO] - Image registration done in 111.59179592132568 seconds
[2022-12-20 03:13:10,053][__main__][INFO] - 2 - Converting and warping surfaces
Converting from tkr to scanner coordinates
Saving /data/users2/washbee/speedrun/deepcsr-preprocessed/377451/lh_pial.stl as a surface
[2022-12-20 03:13:11,641][__main__][INFO] - Surface lh_pial converted and warped in 1.5780179500579834 seconds
Converting from tkr to scanner coordinates
Saving /data/users2/washbee/speedrun/deepcsr-preprocessed/377451/lh_white.stl as a surface
[2022-12-20 03:13:12,917][__main__][INFO] - Surface lh_white converted and warped in 1.2752435207366943 seconds
Converting from tkr to scanner coordinates
Saving /data/users2/washbee/speedrun/deepcsr-preprocessed/377451/rh_pial.stl as a surface
[2022-12-20 03:13:14,220][__main__][INFO] - Surface rh_pial converted and warped in 1.3029334545135498 seconds
Converting from tkr to scanner coordinates
Saving /data/users2/washbee/speedrun/deepcsr-preprocessed/377451/rh_white.stl as a surface
[2022-12-20 03:13:15,483][__main__][INFO] - Surface rh_white converted and warped in 1.2625961303710938 seconds
[2022-12-20 03:13:15,483][__main__][INFO] - All surfaces conversion and warping done in 5.429279804229736 seconds
[2022-12-20 03:13:17,136][__main__][INFO] - 3 - Generating point clouds
[2022-12-20 03:13:19,848][__main__][INFO] - Writing pointcloud: /data/users2/washbee/speedrun/deepcsr-preprocessed/377451/pointcloud.train.npz
[2022-12-20 03:13:22,023][__main__][INFO] - Point cloud sampled for train split in 4.886950492858887 seconds
[2022-12-20 03:13:24,433][__main__][INFO] - Writing pointcloud: /data/users2/washbee/speedrun/deepcsr-preprocessed/377451/pointcloud.val.npz
[2022-12-20 03:13:26,626][__main__][INFO] - Point cloud sampled for val split in 4.603317499160767 seconds
[2022-12-20 03:13:26,627][__main__][INFO] - Point cloud sampled in 9.490864753723145 seconds
[2022-12-20 03:13:26,627][__main__][INFO] - 4 - Generating implicit surface ground-truth

[NiftyReg ALADIN] Command line:
	 reg_aladin -ref /deepcsr/resources/MNI152_T1_1mm.nii.gz -flo /data/users2/washbee/speedrun/deepcsr-preprocessed/378857/mri.nii.gz -aff /data/users2/washbee/speedrun/deepcsr-preprocessed/378857/transform_affine.txt

[reg_aladin_sym] Parameters
[reg_aladin_sym] Reference image name: /deepcsr/resources/MNI152_T1_1mm.nii.gz
[reg_aladin_sym] 	182x218x182 voxels
[reg_aladin_sym] 	1x1x1 mm
[reg_aladin_sym] Floating image name: /data/users2/washbee/speedrun/deepcsr-preprocessed/378857/mri.nii.gz
[reg_aladin_sym] 	256x256x256 voxels
[reg_aladin_sym] 	1x1x1 mm
[reg_aladin_sym] Maximum iteration number: 5 (10 during the first level)
[reg_aladin_sym] Percentage of blocks: 50 %
* * * * * * * * * * * * * * * * * * * * * * * * * * * * * * * * * * * * * * * *
[reg_aladin_sym] Current level 1 / 3
[reg_aladin_sym] reference image size: 	46x55x46 voxels	4x4x4 mm
[reg_aladin_sym] floating image size: 	64x64x64 voxels	4x4x4 mm
[reg_aladin_sym] Block size = [4 4 4]
* * * * * * * * * * * * * * * * * * * * * * * * * * * * * * * * * * * * * * * *
[reg_aladin_sym] Forward Block number = [12 14 12]
[reg_aladin_sym] Backward Block number = [16 16 16]
[reg_aladin_sym] Initial forward transformation matrix::
1.0000	0.0000	0.0000	0.0000
0.0000	1.0000	0.0000	-0.5000
0.0000	0.0000	1.0000	0.0000
0.0000	0.0000	0.0000	1.0000
[reg_aladin_sym] Initial backward transformation matrix::
1.0000	0.0000	0.0000	0.0000
0.0000	1.0000	0.0000	0.5000
0.0000	0.0000	1.0000	0.0000
0.0000	0.0000	0.0000	1.0000
* * * * * * * * * * * * * * * * * * * * * * * * * * * * * * * * * * * * * * * *
[reg_aladin_sym] Final forward transformation matrix::
0.9268	0.0101	-0.0052	0.0951
-0.0251	0.9731	0.0255	0.2299
0.0111	-0.0258	0.8983	-1.2258
0.0000	0.0000	0.0000	1.0000
[reg_aladin_sym] Final backward transformation matrix::
1.0785	-0.0110	0.0066	-0.0920
0.0281	1.0266	-0.0290	-0.2742
-0.0125	0.0296	1.1124	1.3579
0.0000	0.0000	0.0000	1.0000
- - - - - - - - - - - - - - - - - - - - - - - - - - - - - - - - - - - - - - - -
[reg_aladin_sym] Current level 2 / 3
[reg_aladin_sym] reference image size: 	91x109x91 voxels	2x2x2 mm
[reg_aladin_sym] floating image size: 	128x128x128 voxels	2x2x2 mm
[reg_aladin_sym] Block size = [4 4 4]
* * * * * * * * * * * * * * * * * * * * * * * * * * * * * * * * * * * * * * * *
[reg_aladin_sym] Forward Block number = [23 28 23]
[reg_aladin_sym] Backward Block number = [32 32 32]
[reg_aladin_sym] Initial forward transformation matrix::
0.9268	0.0101	-0.0052	0.0951
-0.0251	0.9731	0.0255	0.2299
0.0111	-0.0258	0.8983	-1.2258
0.0000	0.0000	0.0000	1.0000
[reg_aladin_sym] Initial backward transformation matrix::
1.0785	-0.0110	0.0066	-0.0920
0.0281	1.0266	-0.0290	-0.2742
-0.0125	0.0296	1.1124	1.3579
0.0000	0.0000	0.0000	1.0000
* * * * * * * * * * * * * * * * * * * * * * * * * * * * * * * * * * * * * * * *
[reg_aladin_sym] Final forward transformation matrix::
0.9342	0.0043	-0.0109	-0.0734
-0.0271	0.9777	0.0444	0.4793
0.0076	-0.0224	0.9079	-1.3096
0.0000	0.0000	0.0000	1.0000
[reg_aladin_sym] Final backward transformation matrix::
1.0702	-0.0044	0.0130	0.0978
0.0301	1.0215	-0.0496	-0.5524
-0.0082	0.0253	1.1001	1.4281
0.0000	0.0000	0.0000	1.0000
- - - - - - - - - - - - - - - - - - - - - - - - - - - - - - - - - - - - - - - -
[reg_aladin_sym] Current level 3 / 3
[reg_aladin_sym] reference image size: 	182x218x182 voxels	1x1x1 mm
[reg_aladin_sym] floating image size: 	256x256x256 voxels	1x1x1 mm
[reg_aladin_sym] Block size = [4 4 4]
* * * * * * * * * * * * * * * * * * * * * * * * * * * * * * * * * * * * * * * *
[reg_aladin_sym] Forward Block number = [46 55 46]
[reg_aladin_sym] Backward Block number = [64 64 64]
[reg_aladin_sym] Initial forward transformation matrix::
0.9342	0.0043	-0.0109	-0.0734
-0.0271	0.9777	0.0444	0.4793
0.0076	-0.0224	0.9079	-1.3096
0.0000	0.0000	0.0000	1.0000
[reg_aladin_sym] Initial backward transformation matrix::
1.0702	-0.0044	0.0130	0.0978
0.0301	1.0215	-0.0496	-0.5524
-0.0082	0.0253	1.1001	1.4281
0.0000	0.0000	0.0000	1.0000
* * * * * * * * * * * * * * * * * * * * * * * * * * * * * * * * * * * * * * * *
[reg_aladin_sym] Final forward transformation matrix::
0.9255	0.0083	-0.0031	0.1008
-0.0284	0.9773	0.0312	0.8132
0.0072	-0.0301	0.9036	-1.4716
0.0000	0.0000	0.0000	1.0000
[reg_aladin_sym] Final backward transformation matrix::
1.0802	-0.0091	0.0041	-0.0956
0.0316	1.0219	-0.0352	-0.8860
-0.0076	0.0341	1.1055	1.5999
0.0000	0.0000	0.0000	1.0000
- - - - - - - - - - - - - - - - - - - - - - - - - - - - - - - - - - - - - - - -
Registration Performed in 2 min 13 sec
Have a good day !
                                                                                                                                                                      
* * * * * * * * * * * * * * * * * * * * * * * * * * * * * * * * * * * * * * * *
Command line:
 reg_resample -ref /deepcsr/resources/MNI152_T1_1mm.nii.gz -flo /data/users2/washbee/speedrun/deepcsr-preprocessed/378857/mri.nii.gz -trans /data/users2/washbee/speedrun/deepcsr-preprocessed/378857/transform_affine.txt -res /data/users2/washbee/speedrun/deepcsr-preprocessed/378857/mri.nii.gz -inter 3

Parameters
Reference image name: /deepcsr/resources/MNI152_T1_1mm.nii.gz
	182x218x182 voxels, 1 volumes
	1x1x1 mm
Floating image name: /data/users2/washbee/speedrun/deepcsr-preprocessed/378857/mri.nii.gz
	256x256x256 voxels, 1 volumes
	1x1x1 mm
* * * * * * * * * * * * * * * * * * * * * * * * * * * * * * * * * * * * * * * *

[NiftyReg] Resampled image has been saved: /data/users2/washbee/speedrun/deepcsr-preprocessed/378857/mri.nii.gz
[2022-12-20 03:13:32,593][__main__][INFO] - Image registration done in 134.09165811538696 seconds
[2022-12-20 03:13:32,593][__main__][INFO] - 2 - Converting and warping surfaces
Converting from tkr to scanner coordinates
Saving /data/users2/washbee/speedrun/deepcsr-preprocessed/378857/lh_pial.stl as a surface
[2022-12-20 03:13:34,162][__main__][INFO] - Surface lh_pial converted and warped in 1.560537576675415 seconds
Converting from tkr to scanner coordinates
Saving /data/users2/washbee/speedrun/deepcsr-preprocessed/378857/lh_white.stl as a surface
[2022-12-20 03:13:35,644][__main__][INFO] - Surface lh_white converted and warped in 1.4820342063903809 seconds
                      Converting from tkr to scanner coordinates
Saving /data/users2/washbee/speedrun/deepcsr-preprocessed/378857/rh_pial.stl as a surface
[2022-12-20 03:13:37,165][__main__][INFO] - Surface rh_pial converted and warped in 1.52030611038208 seconds
Converting from tkr to scanner coordinates
Saving /data/users2/washbee/speedrun/deepcsr-preprocessed/378857/rh_white.stl as a surface
[2022-12-20 03:13:38,671][__main__][INFO] - Surface rh_white converted and warped in 1.506070613861084 seconds
[2022-12-20 03:13:38,671][__main__][INFO] - All surfaces conversion and warping done in 6.077730894088745 seconds
[2022-12-20 03:13:40,652][__main__][INFO] - 3 - Generating point clouds
I152_T1_1mm.nii.gz -flo /data/users2/washbee/speedrun/deepcsr-preprocessed/382242/mri.nii.gz -aff /data/users2/washbee/speedrun/deepcsr-preprocessed/382242/transform_affine.txt

[reg_aladin_sym] Parameters
[reg_aladin_sym] Reference image name: /deepcsr/resources/MNI152_T1_1mm.nii.gz
[reg_aladin_sym] 	182x218x182 voxels
[reg_aladin_sym] 	1x1x1 mm
[reg_aladin_sym] Floating image name: /data/users2/washbee/speedrun/deepcsr-preprocessed/382242/mri.nii.gz
[reg_aladin_sym] 	256x256x256 voxels
[reg_aladin_sym] 	1x1x1 mm
[reg_aladin_sym] Maximum iteration number: 5 (10 during the first level)
[reg_aladin_sym] Percentage of blocks: 50 %
* * * * * * * * * * * * * * * * * * * * * * * * * * * * * * * * * * * * * * * *
[reg_aladin_sym] Current level 1 / 3
[reg_aladin_sym] reference image size: 	46x55x46 voxels	4x4x4 mm
[reg_aladin_sym] floating image size: 	64x64x64 voxels	4x4x4 mm
[reg_aladin_sym] Block size = [4 4 4]
* * * * * * * * * * * * * * * * * * * * * * * * * * * * * * * * * * * * * * * *
[reg_aladin_sym] Forward Block number = [12 14 12]
[reg_aladin_sym] Backward Block number = [16 16 16]
[reg_aladin_sym] Initial forward transformation matrix::
1.0000	0.0000	0.0000	0.0000
0.0000	1.0000	0.0000	-0.5000
0.0000	0.0000	1.0000	0.0000
0.0000	0.0000	0.0000	1.0000
[reg_aladin_sym] Initial backward transformation matrix::
1.0000	0.0000	0.0000	0.0000
0.0000	1.0000	0.0000	0.5000
0.0000	0.0000	1.0000	0.0000
0.0000	0.0000	0.0000	1.0000
* * * * * * * * * * * * * * * * * * * * * * * * * * * * * * * * * * * * * * * *
[reg_aladin_sym] Final forward transformation matrix::
0.9294	-0.0196	-0.0175	0.0312
0.0365	0.9618	0.0180	-0.4636
-0.0020	0.0162	0.9077	-0.5180
0.0000	0.0000	0.0000	1.0000
[reg_aladin_sym] Final backward transformation matrix::
1.0752	0.0215	0.0203	-0.0130
-0.0408	1.0392	-0.0214	0.4720
0.0030	-0.0185	1.1021	0.5623
0.0000	0.0000	0.0000	1.0000
- - - - - - - - - - - - - - - - - - - - - - - - - - - - - - - - - - - - - - - -
[reg_aladin_sym] Current level 2 / 3
[reg_aladin_sym] reference image size: 	91x109x91 voxels	2x2x2 mm
[reg_aladin_sym] floating image size: 	128x128x128 voxels	2x2x2 mm
[reg_aladin_sym] Block size = [4 4 4]
* * * * * * * * * * * * * * * * * * * * * * * * * * * * * * * * * * * * * * * *
[reg_aladin_sym] Forward Block number = [23 28 23]
[reg_aladin_sym] Backward Block number = [32 32 32]
[reg_aladin_sym] Initial forward transformation matrix::
0.9294	-0.0196	-0.0175	0.0312
0.0365	0.9618	0.0180	-0.4636
-0.0020	0.0162	0.9077	-0.5180
0.0000	0.0000	0.0000	1.0000
[reg_aladin_sym] Initial backward transformation matrix::
1.0752	0.0215	0.0203	-0.0130
-0.0408	1.0392	-0.0214	0.4720
0.0030	-0.0185	1.1021	0.5623
0.0000	0.0000	0.0000	1.0000
* * * * * * * * * * * * * * * * * * * * * * * * * * * * * * * * * * * * * * * *
[reg_aladin_sym] Final forward transformation matrix::
0.9359	-0.0188	-0.0101	0.2164
0.0406	0.9684	0.0203	-0.1088
-0.0114	0.0160	0.9092	-0.9372
0.0000	0.0000	0.0000	1.0000
[reg_aladin_sym] Final backward transformation matrix::
1.0677	0.0205	0.0114	-0.2181
-0.0451	1.0321	-0.0236	0.1000
0.0142	-0.0179	1.1005	1.0263
0.0000	0.0000	0.0000	1.0000
- - - - - - - - - - - - - - - - - - - - - - - - - - - - - - - - - - - - - - - -
[reg_aladin_sym] Current level 3 / 3
[reg_aladin_sym] reference image size: 	182x218x182 voxels	1x1x1 mm
[reg_aladin_sym] floating image size: 	256x256x256 voxels	1x1x1 mm
[reg_aladin_sym] Block size = [4 4 4]
* * * * * * * * * * * * * * * * * * * * * * * * * * * * * * * * * * * * * * * *
[reg_aladin_sym] Forward Block number = [46 55 46]
[reg_aladin_sym] Backward Block number = [64 64 64]
[reg_aladin_sym] Initial forward transformation matrix::
0.9359	-0.0188	-0.0101	0.2164
0.0406	0.9684	0.0203	-0.1088
-0.0114	0.0160	0.9092	-0.9372
0.0000	0.0000	0.0000	1.0000
[reg_aladin_sym] Initial backward transformation matrix::
1.0677	0.0205	0.0114	-0.2181
-0.0451	1.0321	-0.0236	0.1000
0.0142	-0.0179	1.1005	1.0263
0.0000	0.0000	0.0000	1.0000
* * * * * * * * * * * * * * * * * * * * * * * * * * * * * * * * * * * * * * * *
[reg_aladin_sym] Final forward transformation matrix::
0.9185	-0.0176	-0.0119	0.3190
0.0533	0.9548	0.0192	-0.1571
-0.0026	0.0199	0.9105	-0.8538
0.0000	0.0000	0.0000	1.0000
[reg_aladin_sym] Final backward transformation matrix::
1.0876	0.0197	0.0138	-0.3321
-0.0608	1.0467	-0.0229	0.1643
0.0044	-0.0228	1.0988	0.9331
0.0000	0.0000	0.0000	1.0000
- - - - - - - - - - - - - - - - - - - - - - - - - - - - - - - - - - - - - - - -
Registration Performed in 2 min 14 sec
Have a good day !
[2022-12-20 03:13:41,568][__main__][INFO] - Writing pointcloud: /data/users2/washbee/speedrun/deepcsr-preprocessed/385450/pointcloud.train.npz

* * * * * * * * * * * * * * * * * * * * * * * * * * * * * * * * * * * * * * * *
Command line:
 reg_resample -ref /deepcsr/resources/MNI152_T1_1mm.nii.gz -flo /data/users2/washbee/speedrun/deepcsr-preprocessed/382242/mri.nii.gz -trans /data/users2/washbee/speedrun/deepcsr-preprocessed/382242/transform_affine.txt -res /data/users2/washbee/speedrun/deepcsr-preprocessed/382242/mri.nii.gz -inter 3

Parameters
Reference image name: /deepcsr/resources/MNI152_T1_1mm.nii.gz
	182x218x182 voxels, 1 volumes
	1x1x1 mm
Floating image name: /data/users2/washbee/speedrun/deepcsr-preprocessed/382242/mri.nii.gz
	256x256x256 voxels, 1 volumes
	1x1x1 mm
* * * * * * * * * * * * * * * * * * * * * * * * * * * * * * * * * * * * * * * *

[NiftyReg] Resampled image has been saved: /data/users2/washbee/speedrun/deepcsr-preprocessed/382242/mri.nii.gz
[2022-12-20 03:13:42,569][__main__][INFO] - Image registration done in 135.00667071342468 seconds
[2022-12-20 03:13:42,570][__main__][INFO] - 2 - Converting and warping surfaces
Converting from tkr to scanner coordinates
Saving /data/users2/washbee/speedrun/deepcsr-preprocessed/382242/lh_pial.stl as a surface
[2022-12-20 03:13:43,509][__main__][INFO] - Writing pointcloud: /data/users2/washbee/speedrun/deepcsr-preprocessed/378857/pointcloud.train.npz
[2022-12-20 03:13:45,654][__main__][INFO] - Point cloud sampled for train split in 5.001108169555664 seconds
 reg_aladin -ref /deepcsr/resources/MNI152_T1_1mm.nii.gz -flo /data/users2/washbee/speedrun/deepcsr-preprocessed/387959/mri.nii.gz -aff /data/users2/washbee/speedrun/deepcsr-preprocessed/387959/transform_affine.txt

[reg_aladin_sym] Parameters
[reg_aladin_sym] Reference image name: /deepcsr/resources/MNI152_T1_1mm.nii.gz
[reg_aladin_sym] 	182x218x182 voxels
[reg_aladin_sym] 	1x1x1 mm
[reg_aladin_sym] Floating image name: /data/users2/washbee/speedrun/deepcsr-preprocessed/387959/mri.nii.gz
[reg_aladin_sym] 	256x256x256 voxels
[reg_aladin_sym] 	1x1x1 mm
[reg_aladin_sym] Maximum iteration number: 5 (10 during the first level)
[reg_aladin_sym] Percentage of blocks: 50 %
* * * * * * * * * * * * * * * * * * * * * * * * * * * * * * * * * * * * * * * *
[reg_aladin_sym] Current level 1 / 3
[reg_aladin_sym] reference image size: 	46x55x46 voxels	4x4x4 mm
[reg_aladin_sym] floating image size: 	64x64x64 voxels	4x4x4 mm
[reg_aladin_sym] Block size = [4 4 4]
* * * * * * * * * * * * * * * * * * * * * * * * * * * * * * * * * * * * * * * *
[reg_aladin_sym] Forward Block number = [12 14 12]
[reg_aladin_sym] Backward Block number = [16 16 16]
[reg_aladin_sym] Initial forward transformation matrix::
1.0000	0.0000	0.0000	0.0000
0.0000	1.0000	0.0000	-0.5000
0.0000	0.0000	1.0000	0.0000
0.0000	0.0000	0.0000	1.0000
[reg_aladin_sym] Initial backward transformation matrix::
1.0000	0.0000	0.0000	0.0000
0.0000	1.0000	0.0000	0.5000
0.0000	0.0000	1.0000	0.0000
0.0000	0.0000	0.0000	1.0000
* * * * * * * * * * * * * * * * * * * * * * * * * * * * * * * * * * * * * * * *
[reg_aladin_sym] Final forward transformation matrix::
0.9457	0.0014	-0.0149	0.0115
-0.0065	1.0149	0.0281	0.2970
0.0172	-0.0133	0.9492	-0.7905
0.0000	0.0000	0.0000	1.0000
[reg_aladin_sym] Final backward transformation matrix::
1.0571	-0.0012	0.0166	0.0013
0.0073	0.9850	-0.0290	-0.3155
-0.0190	0.0138	1.0529	0.8284
0.0000	0.0000	0.0000	1.0000
- - - - - - - - - - - - - - - - - - - - - - - - - - - - - - - - - - - - - - - -
[reg_aladin_sym] Current level 2 / 3
[reg_aladin_sym] reference image size: 	91x109x91 voxels	2x2x2 mm
[reg_aladin_sym] floating image size: 	128x128x128 voxels	2x2x2 mm
[reg_aladin_sym] Block size = [4 4 4]
* * * * * * * * * * * * * * * * * * * * * * * * * * * * * * * * * * * * * * * *
[reg_aladin_sym] Forward Block number = [23 28 23]
[reg_aladin_sym] Backward Block number = [32 32 32]
[reg_aladin_sym] Initial forward transformation matrix::
