-------- freesurfer-linux-centos7_x86_64-dev-20221114-585f56b --------
Setting up environment for FreeSurfer/FS-FAST (and FSL)
FREESURFER_HOME   /data/users2/washbee/freesurfer
FSFAST_HOME       /data/users2/washbee/freesurfer/fsfast
FSF_OUTPUT_FORMAT nii.gz
SUBJECTS_DIR      /data/users2/washbee/freesurfer/subjects
-------- freesurfer-linux-centos7_x86_64-dev-20221114-585f56b --------
Setting up environment for FreeSurfer/FS-FAST (and FSL)
FREESURFER_HOME   /data/users2/washbee/freesurfer
FSFAST_HOME       /data/users2/washbee/freesurfer/fsfast
FSF_OUTPUT_FORMAT nii.gz
SUBJECTS_DIR      /data/users2/washbee/freesurfer/subjects
MNI_DIR           /data/users2/washbee/freesurfer/mni
pmdata 380036 380036 /data/hcp-plis/drive01/380036/T1w/380036/mri/orig.mgz
MNI_DIR           /data/users2/washbee/freesurfer/mni
pmdata 379657 379657 /data/hcp-plis/drive01/379657/T1w/379657/mri/orig.mgz
[2022-12-20 02:28:49,040][__main__][INFO] - Data Preprocessing Routine
Config:
inputs:
  sample_id: 380036
  mri_vol_path: /data/hcp-plis/drive01/380036/T1w/380036/mri/orig.mgz
  lh_pial_path: /data/hcp-plis/drive01/380036/T1w/380036/surf/lh.pial
  lh_white_path: /data/hcp-plis/drive01/380036/T1w/380036/surf/lh.white
  rh_pial_path: /data/hcp-plis/drive01/380036/T1w/380036/surf/rh.pial
  rh_white_path: /data/hcp-plis/drive01/380036/T1w/380036/surf/rh.white
registration:
  only_rigid: false
  template_path: /deepcsr/resources/MNI152_T1_1mm.nii.gz
sampling:
  num_points: 4000000
  bbox_ratio: 0.1
  bbox_size:
  - 192.0
  - 228.0
  - 192.0
  point_pertub_sigma: 1.0
  distance_method: point2center
outputs:
  output_dir: /data/users2/washbee/speedrun/deepcsr-preprocessed
  compress: true

[2022-12-20 02:28:49,040][__main__][INFO] - 1 - Registering input images...
[2022-12-20 02:28:49,041][__main__][INFO] - Data Preprocessing Routine
Config:
inputs:
  sample_id: 379657
  mri_vol_path: /data/hcp-plis/drive01/379657/T1w/379657/mri/orig.mgz
  lh_pial_path: /data/hcp-plis/drive01/379657/T1w/379657/surf/lh.pial
  lh_white_path: /data/hcp-plis/drive01/379657/T1w/379657/surf/lh.white
  rh_pial_path: /data/hcp-plis/drive01/379657/T1w/379657/surf/rh.pial
  rh_white_path: /data/hcp-plis/drive01/379657/T1w/379657/surf/rh.white
registration:
  only_rigid: false
  template_path: /deepcsr/resources/MNI152_T1_1mm.nii.gz
sampling:
  num_points: 4000000
  bbox_ratio: 0.1
  bbox_size:
  - 192.0
  - 228.0
  - 192.0
  point_pertub_sigma: 1.0
  distance_method: point2center
outputs:
  output_dir: /data/users2/washbee/speedrun/deepcsr-preprocessed
  compress: true

[2022-12-20 02:28:49,041][__main__][INFO] - 1 - Registering input images...
mri_convert /data/hcp-plis/drive01/379657/T1w/379657/mri/orig.mgz /data/users2/washbee/speedrun/deepcsr-preprocessed/379657/mri.nii.gz 
mri_convert /data/hcp-plis/drive01/380036/T1w/380036/mri/orig.mgz /data/users2/washbee/speedrun/deepcsr-preprocessed/380036/mri.nii.gz 
reading from /data/hcp-plis/drive01/380036/T1w/380036/mri/orig.mgz...
TR=2400.00, TE=0.00, TI=0.00, flip angle=0.00
i_ras = (-1, 0, 0)
j_ras = (0, 0, -1)
k_ras = (0, 1, 0)
writing to /data/users2/washbee/speedrun/deepcsr-preprocessed/380036/mri.nii.gz...
reading from /data/hcp-plis/drive01/379657/T1w/379657/mri/orig.mgz...
TR=2400.00, TE=0.00, TI=0.00, flip angle=0.00
i_ras = (-1, 0, 0)
j_ras = (0, 0, -1)
k_ras = (0, 1, 0)
writing to /data/users2/washbee/speedrun/deepcsr-preprocessed/379657/mri.nii.gz...

[NiftyReg ALADIN] Command line:
	 reg_aladin -ref /deepcsr/resources/MNI152_T1_1mm.nii.gz -flo /data/users2/washbee/speedrun/deepcsr-preprocessed/379657/mri.nii.gz -aff /data/users2/washbee/speedrun/deepcsr-preprocessed/379657/transform_affine.txt

[reg_aladin_sym] Parameters
[reg_aladin_sym] Reference image name: /deepcsr/resources/MNI152_T1_1mm.nii.gz
[reg_aladin_sym] 	182x218x182 voxels
[reg_aladin_sym] 	1x1x1 mm
[reg_aladin_sym] Floating image name: /data/users2/washbee/speedrun/deepcsr-preprocessed/379657/mri.nii.gz
[reg_aladin_sym] 	256x256x256 voxels
[reg_aladin_sym] 	1x1x1 mm
[reg_aladin_sym] Maximum iteration number: 5 (10 during the first level)
[reg_aladin_sym] Percentage of blocks: 50 %
* * * * * * * * * * * * * * * * * * * * * * * * * * * * * * * * * * * * * * * *
[reg_aladin_sym] Current level 1 / 3
[reg_aladin_sym] reference image size: 	46x55x46 voxels	4x4x4 mm
[reg_aladin_sym] floating image size: 	64x64x64 voxels	4x4x4 mm
[reg_aladin_sym] Block size = [4 4 4]
* * * * * * * * * * * * * * * * * * * * * * * * * * * * * * * * * * * * * * * *
[reg_aladin_sym] Forward Block number = [12 14 12]
[reg_aladin_sym] Backward Block number = [16 16 16]
[reg_aladin_sym] Initial forward transformation matrix::
1.0000	0.0000	0.0000	0.0000
0.0000	1.0000	0.0000	-0.5000
0.0000	0.0000	1.0000	0.0000
0.0000	0.0000	0.0000	1.0000
[reg_aladin_sym] Initial backward transformation matrix::
1.0000	0.0000	0.0000	0.0000
0.0000	1.0000	0.0000	0.5000
0.0000	0.0000	1.0000	0.0000
0.0000	0.0000	0.0000	1.0000
* * * * * * * * * * * * * * * * * * * * * * * * * * * * * * * * * * * * * * * *
[reg_aladin_sym] Final forward transformation matrix::
0.9311	-0.0156	-0.0037	-0.4160
0.0107	0.9718	0.0199	0.4604
-0.0122	-0.0296	0.8476	-1.5007
0.0000	0.0000	0.0000	1.0000
[reg_aladin_sym] Final backward transformation matrix::
1.0739	0.0173	0.0042	0.4451
-0.0122	1.0281	-0.0242	-0.5147
0.0150	0.0362	1.1790	1.7589
0.0000	-0.0000	-0.0000	1.0000
- - - - - - - - - - - - - - - - - - - - - - - - - - - - - - - - - - - - - - - -
[reg_aladin_sym] Current level 2 / 3
[reg_aladin_sym] reference image size: 	91x109x91 voxels	2x2x2 mm
[reg_aladin_sym] floating image size: 	128x128x128 voxels	2x2x2 mm
[reg_aladin_sym] Block size = [4 4 4]
* * * * * * * * * * * * * * * * * * * * * * * * * * * * * * * * * * * * * * * *
[reg_aladin_sym] Forward Block number = [23 28 23]
[reg_aladin_sym] Backward Block number = [32 32 32]
[reg_aladin_sym] Initial forward transformation matrix::
0.9311	-0.0156	-0.0037	-0.4160
0.0107	0.9718	0.0199	0.4604
-0.0122	-0.0296	0.8476	-1.5007
0.0000	0.0000	0.0000	1.0000
[reg_aladin_sym] Initial backward transformation matrix::
1.0739	0.0173	0.0042	0.4451
-0.0122	1.0281	-0.0242	-0.5147
0.0150	0.0362	1.1790	1.7589
0.0000	-0.0000	-0.0000	1.0000
* * * * * * * * * * * * * * * * * * * * * * * * * * * * * * * * * * * * * * * *
[reg_aladin_sym] Final forward transformation matrix::
0.9353	-0.0114	-0.0054	-0.3321
0.0180	0.9754	0.0254	0.1635
0.0081	-0.0283	0.8605	-1.4858
0.0000	0.0000	0.0000	1.0000
[reg_aladin_sym] Final backward transformation matrix::
1.0688	0.0127	0.0063	0.3622
-0.0194	1.0241	-0.0303	-0.2189
-0.0107	0.0336	1.1610	1.7160
0.0000	-0.0000	-0.0000	1.0000
- - - - - - - - - - - - - - - - - - - - - - - - - - - - - - - - - - - - - - - -
[reg_aladin_sym] Current level 3 / 3
[reg_aladin_sym] reference image size: 	182x218x182 voxels	1x1x1 mm
[reg_aladin_sym] floating image size: 	256x256x256 voxels	1x1x1 mm
[reg_aladin_sym] Block size = [4 4 4]
* * * * * * * * * * * * * * * * * * * * * * * * * * * * * * * * * * * * * * * *
[reg_aladin_sym] Forward Block number = [46 55 46]
[reg_aladin_sym] Backward Block number = [64 64 64]
[reg_aladin_sym] Initial forward transformation matrix::
0.9353	-0.0114	-0.0054	-0.3321
0.0180	0.9754	0.0254	0.1635
0.0081	-0.0283	0.8605	-1.4858
0.0000	0.0000	0.0000	1.0000
[reg_aladin_sym] Initial backward transformation matrix::
1.0688	0.0127	0.0063	0.3622
-0.0194	1.0241	-0.0303	-0.2189
-0.0107	0.0336	1.1610	1.7160
0.0000	-0.0000	-0.0000	1.0000
* * * * * * * * * * * * * * * * * * * * * * * * * * * * * * * * * * * * * * * *
[reg_aladin_sym] Final forward transformation matrix::
0.9231	-0.0143	-0.0017	-0.5027
0.0259	0.9632	0.0160	0.4776
0.0108	-0.0289	0.8506	-1.2559
0.0000	0.0000	0.0000	1.0000
[reg_aladin_sym] Final backward transformation matrix::
1.0829	0.0161	0.0018	0.5390
-0.0288	1.0372	-0.0196	-0.5344
-0.0147	0.0350	1.1750	1.4516
-0.0000	0.0000	0.0000	1.0000
- - - - - - - - - - - - - - - - - - - - - - - - - - - - - - - - - - - - - - - -
Registration Performed in 1 min 55 sec
Have a good day !

[NiftyReg ALADIN] Command line:
	 reg_aladin -ref /deepcsr/resources/MNI152_T1_1mm.nii.gz -flo /data/users2/washbee/speedrun/deepcsr-preprocessed/380036/mri.nii.gz -aff /data/users2/washbee/speedrun/deepcsr-preprocessed/380036/transform_affine.txt

[reg_aladin_sym] Parameters
[reg_aladin_sym] Reference image name: /deepcsr/resources/MNI152_T1_1mm.nii.gz
[reg_aladin_sym] 	182x218x182 voxels
[reg_aladin_sym] 	1x1x1 mm
[reg_aladin_sym] Floating image name: /data/users2/washbee/speedrun/deepcsr-preprocessed/380036/mri.nii.gz
[reg_aladin_sym] 	256x256x256 voxels
[reg_aladin_sym] 	1x1x1 mm
[reg_aladin_sym] Maximum iteration number: 5 (10 during the first level)
[reg_aladin_sym] Percentage of blocks: 50 %
* * * * * * * * * * * * * * * * * * * * * * * * * * * * * * * * * * * * * * * *
[reg_aladin_sym] Current level 1 / 3
[reg_aladin_sym] reference image size: 	46x55x46 voxels	4x4x4 mm
[reg_aladin_sym] floating image size: 	64x64x64 voxels	4x4x4 mm
[reg_aladin_sym] Block size = [4 4 4]
* * * * * * * * * * * * * * * * * * * * * * * * * * * * * * * * * * * * * * * *
[reg_aladin_sym] Forward Block number = [12 14 12]
[reg_aladin_sym] Backward Block number = [16 16 16]
[reg_aladin_sym] Initial forward transformation matrix::
1.0000	0.0000	0.0000	0.0000
0.0000	1.0000	0.0000	-0.5000
0.0000	0.0000	1.0000	0.0000
0.0000	0.0000	0.0000	1.0000
[reg_aladin_sym] Initial backward transformation matrix::
1.0000	0.0000	0.0000	0.0000
0.0000	1.0000	0.0000	0.5000
0.0000	0.0000	1.0000	0.0000
0.0000	0.0000	0.0000	1.0000
* * * * * * * * * * * * * * * * * * * * * * * * * * * * * * * * * * * * * * * *
[reg_aladin_sym] Final forward transformation matrix::
0.9490	-0.0059	-0.0002	0.0086
0.0008	0.9981	0.0202	-0.4645
-0.0002	-0.0005	0.9436	0.0132
0.0000	0.0000	0.0000	1.0000
[reg_aladin_sym] Final backward transformation matrix::
1.0538	0.0062	0.0001	-0.0062
-0.0008	1.0019	-0.0215	0.4657
0.0002	0.0005	1.0597	-0.0137
0.0000	0.0000	0.0000	1.0000
- - - - - - - - - - - - - - - - - - - - - - - - - - - - - - - - - - - - - - - -
[reg_aladin_sym] Current level 2 / 3
[reg_aladin_sym] reference image size: 	91x109x91 voxels	2x2x2 mm
[reg_aladin_sym] floating image size: 	128x128x128 voxels	2x2x2 mm
[reg_aladin_sym] Block size = [4 4 4]
* * * * * * * * * * * * * * * * * * * * * * * * * * * * * * * * * * * * * * * *
[reg_aladin_sym] Forward Block number = [23 28 23]
[reg_aladin_sym] Backward Block number = [32 32 32]
[reg_aladin_sym] Initial forward transformation matrix::
0.9490	-0.0059	-0.0002	0.0086
0.0008	0.9981	0.0202	-0.4645
-0.0002	-0.0005	0.9436	0.0132
0.0000	0.0000	0.0000	1.0000
[reg_aladin_sym] Initial backward transformation matrix::
1.0538	0.0062	0.0001	-0.0062
-0.0008	1.0019	-0.0215	0.4657
0.0002	0.0005	1.0597	-0.0137
0.0000	0.0000	0.0000	1.0000
* * * * * * * * * * * * * * * * * * * * * * * * * * * * * * * * * * * * * * * *
[reg_aladin_sym] Final forward transformation matrix::
0.9538	0.0014	-0.0039	-0.1767
-0.0080	1.0030	0.0295	-0.3478
0.0075	0.0037	0.9549	0.0687
0.0000	0.0000	0.0000	1.0000
[reg_aladin_sym] Final backward transformation matrix::
1.0484	-0.0015	0.0043	0.1845
0.0086	0.9971	-0.0308	0.3504
-0.0082	-0.0039	1.0473	-0.0748
0.0000	0.0000	0.0000	1.0000
- - - - - - - - - - - - - - - - - - - - - - - - - - - - - - - - - - - - - - - -
[reg_aladin_sym] Current level 3 / 3
[reg_aladin_sym] reference image size: 	182x218x182 voxels	1x1x1 mm
[reg_aladin_sym] floating image size: 	256x256x256 voxels	1x1x1 mm
[reg_aladin_sym] Block size = [4 4 4]
* * * * * * * * * * * * * * * * * * * * * * * * * * * * * * * * * * * * * * * *
[reg_aladin_sym] Forward Block number = [46 55 46]
[reg_aladin_sym] Backward Block number = [64 64 64]
[reg_aladin_sym] Initial forward transformation matrix::
0.9538	0.0014	-0.0039	-0.1767
-0.0080	1.0030	0.0295	-0.3478
0.0075	0.0037	0.9549	0.0687
0.0000	0.0000	0.0000	1.0000
[reg_aladin_sym] Initial backward transformation matrix::
1.0484	-0.0015	0.0043	0.1845
0.0086	0.9971	-0.0308	0.3504
-0.0082	-0.0039	1.0473	-0.0748
0.0000	0.0000	0.0000	1.0000
* * * * * * * * * * * * * * * * * * * * * * * * * * * * * * * * * * * * * * * *
[reg_aladin_sym] Final forward transformation matrix::
0.9511	0.0010	-0.0052	-0.3077
-0.0098	1.0012	0.0165	-0.4753
0.0096	0.0021	0.9519	-0.3350
0.0000	0.0000	0.0000	1.0000
[reg_aladin_sym] Final backward transformation matrix::
1.0514	-0.0010	0.0058	0.3250
0.0105	0.9989	-0.0173	0.4722
-0.0106	-0.0022	1.0505	0.3476
0.0000	0.0000	0.0000	1.0000
- - - - - - - - - - - - - - - - - - - - - - - - - - - - - - - - - - - - - - - -
Registration Performed in 1 min 55 sec
Have a good day !

* * * * * * * * * * * * * * * * * * * * * * * * * * * * * * * * * * * * * * * *
Command line:
 reg_resample -ref /deepcsr/resources/MNI152_T1_1mm.nii.gz -flo /data/users2/washbee/speedrun/deepcsr-preprocessed/379657/mri.nii.gz -trans /data/users2/washbee/speedrun/deepcsr-preprocessed/379657/transform_affine.txt -res /data/users2/washbee/speedrun/deepcsr-preprocessed/379657/mri.nii.gz -inter 3

Parameters
Reference image name: /deepcsr/resources/MNI152_T1_1mm.nii.gz
	182x218x182 voxels, 1 volumes
	1x1x1 mm
Floating image name: /data/users2/washbee/speedrun/deepcsr-preprocessed/379657/mri.nii.gz
	256x256x256 voxels, 1 volumes
	1x1x1 mm
* * * * * * * * * * * * * * * * * * * * * * * * * * * * * * * * * * * * * * * *

[NiftyReg] Resampled image has been saved: /data/users2/washbee/speedrun/deepcsr-preprocessed/379657/mri.nii.gz
[2022-12-20 02:30:46,732][__main__][INFO] - Image registration done in 116.42030119895935 seconds
[2022-12-20 02:30:46,732][__main__][INFO] - 2 - Converting and warping surfaces

* * * * * * * * * * * * * * * * * * * * * * * * * * * * * * * * * * * * * * * *
Command line:
 reg_resample -ref /deepcsr/resources/MNI152_T1_1mm.nii.gz -flo /data/users2/washbee/speedrun/deepcsr-preprocessed/380036/mri.nii.gz -trans /data/users2/washbee/speedrun/deepcsr-preprocessed/380036/transform_affine.txt -res /data/users2/washbee/speedrun/deepcsr-preprocessed/380036/mri.nii.gz -inter 3

Parameters
Reference image name: /deepcsr/resources/MNI152_T1_1mm.nii.gz
	182x218x182 voxels, 1 volumes
	1x1x1 mm
Floating image name: /data/users2/washbee/speedrun/deepcsr-preprocessed/380036/mri.nii.gz
	256x256x256 voxels, 1 volumes
	1x1x1 mm
* * * * * * * * * * * * * * * * * * * * * * * * * * * * * * * * * * * * * * * *

[NiftyReg] Resampled image has been saved: /data/users2/washbee/speedrun/deepcsr-preprocessed/380036/mri.nii.gz
[2022-12-20 02:30:47,077][__main__][INFO] - Image registration done in 116.83929300308228 seconds
[2022-12-20 02:30:47,078][__main__][INFO] - 2 - Converting and warping surfaces
Converting from tkr to scanner coordinates
Saving /data/users2/washbee/speedrun/deepcsr-preprocessed/379657/lh_pial.stl as a surface
Converting from tkr to scanner coordinates
Saving /data/users2/washbee/speedrun/deepcsr-preprocessed/380036/lh_pial.stl as a surface
[2022-12-20 02:30:48,233][__main__][INFO] - Surface lh_pial converted and warped in 1.495666265487671 seconds
[2022-12-20 02:30:48,625][__main__][INFO] - Surface lh_pial converted and warped in 1.541100025177002 seconds
Converting from tkr to scanner coordinates
Saving /data/users2/washbee/speedrun/deepcsr-preprocessed/379657/lh_white.stl as a surface
Converting from tkr to scanner coordinates
Saving /data/users2/washbee/speedrun/deepcsr-preprocessed/380036/lh_white.stl as a surface
[2022-12-20 02:30:49,567][__main__][INFO] - Surface lh_white converted and warped in 1.3338911533355713 seconds
[2022-12-20 02:30:50,129][__main__][INFO] - Surface lh_white converted and warped in 1.5044655799865723 seconds
Converting from tkr to scanner coordinates
Saving /data/users2/washbee/speedrun/deepcsr-preprocessed/379657/rh_pial.stl as a surface
[2022-12-20 02:30:50,847][__main__][INFO] - Surface rh_pial converted and warped in 1.2799477577209473 seconds
Converting from tkr to scanner coordinates
Saving /data/users2/washbee/speedrun/deepcsr-preprocessed/380036/rh_pial.stl as a surface
Converting from tkr to scanner coordinates
Saving /data/users2/washbee/speedrun/deepcsr-preprocessed/379657/rh_white.stl as a surface
[2022-12-20 02:30:51,747][__main__][INFO] - Surface rh_pial converted and warped in 1.6176483631134033 seconds
[2022-12-20 02:30:52,201][__main__][INFO] - Surface rh_white converted and warped in 1.354175329208374 seconds
[2022-12-20 02:30:52,201][__main__][INFO] - All surfaces conversion and warping done in 5.469045877456665 seconds
Converting from tkr to scanner coordinates
Saving /data/users2/washbee/speedrun/deepcsr-preprocessed/380036/rh_white.stl as a surface
[2022-12-20 02:30:53,339][__main__][INFO] - Surface rh_white converted and warped in 1.591834306716919 seconds
[2022-12-20 02:30:53,340][__main__][INFO] - All surfaces conversion and warping done in 6.261841297149658 seconds
[2022-12-20 02:30:53,678][__main__][INFO] - 3 - Generating point clouds
[2022-12-20 02:30:55,098][__main__][INFO] - 3 - Generating point clouds
[2022-12-20 02:30:56,234][__main__][INFO] - Writing pointcloud: /data/users2/washbee/speedrun/deepcsr-preprocessed/379657/pointcloud.train.npz
[2022-12-20 02:30:57,718][__main__][INFO] - Writing pointcloud: /data/users2/washbee/speedrun/deepcsr-preprocessed/380036/pointcloud.train.npz
[2022-12-20 02:30:58,167][__main__][INFO] - Point cloud sampled for train split in 4.488527774810791 seconds
[2022-12-20 02:30:59,652][__main__][INFO] - Point cloud sampled for train split in 4.554219722747803 seconds
[2022-12-20 02:31:00,378][__main__][INFO] - Writing pointcloud: /data/users2/washbee/speedrun/deepcsr-preprocessed/379657/pointcloud.val.npz
[2022-12-20 02:31:02,389][__main__][INFO] - Writing pointcloud: /data/users2/washbee/speedrun/deepcsr-preprocessed/380036/pointcloud.val.npz
[2022-12-20 02:31:02,771][__main__][INFO] - Point cloud sampled for val split in 4.604673862457275 seconds
[2022-12-20 02:31:02,772][__main__][INFO] - Point cloud sampled in 9.093780755996704 seconds
[2022-12-20 02:31:02,772][__main__][INFO] - 4 - Generating implicit surface ground-truth
[2022-12-20 02:31:04,838][__main__][INFO] - Point cloud sampled for val split in 5.186052083969116 seconds
[2022-12-20 02:31:04,839][__main__][INFO] - Point cloud sampled in 9.74062705039978 seconds
[2022-12-20 02:31:04,839][__main__][INFO] - 4 - Generating implicit surface ground-truth
