-------- freesurfer-linux-centos7_x86_64-dev-20221114-585f56b --------
Setting up environment for FreeSurfer/FS-FAST (and FSL)
FREESURFER_HOME   /data/users2/washbee/freesurfer
FSFAST_HOME       /data/users2/washbee/freesurfer/fsfast
FSF_OUTPUT_FORMAT nii.gz
SUBJECTS_DIR      /data/users2/washbee/freesurfer/subjects
MNI_DIR           /data/users2/washbee/freesurfer/mni
pmdata 385450 385450 /data/hcp-plis/drive01/385450/T1w/385450/mri/orig.mgz
-------- freesurfer-linux-centos7_x86_64-dev-20221114-585f56b --------
Setting up environment for FreeSurfer/FS-FAST (and FSL)
FREESURFER_HOME   /data/users2/washbee/freesurfer
FSFAST_HOME       /data/users2/washbee/freesurfer/fsfast
FSF_OUTPUT_FORMAT nii.gz
SUBJECTS_DIR      /data/users2/washbee/freesurfer/subjects
MNI_DIR           /data/users2/washbee/freesurfer/mni
pmdata 378857 378857 /data/hcp-plis/drive01/378857/T1w/378857/mri/orig.mgz
-------- freesurfer-linux-centos7_x86_64-dev-20221114-585f56b --------
Setting up environment for FreeSurfer/FS-FAST (and FSL)
FREESURFER_HOME   /data/users2/washbee/freesurfer
FSFAST_HOME       /data/users2/washbee/freesurfer/fsfast
FSF_OUTPUT_FORMAT nii.gz
SUBJECTS_DIR      /data/users2/washbee/freesurfer/subjects
MNI_DIR           /data/users2/washbee/freesurfer/mni
pmdata 377451 377451 /data/hcp-plis/drive01/377451/T1w/377451/mri/orig.mgz
-------- freesurfer-linux-centos7_x86_64-dev-20221114-585f56b --------
Setting up environment for FreeSurfer/FS-FAST (and FSL)
FREESURFER_HOME   /data/users2/washbee/freesurfer
FSFAST_HOME       /data/users2/washbee/freesurfer/fsfast
FSF_OUTPUT_FORMAT nii.gz
SUBJECTS_DIR      /data/users2/washbee/freesurfer/subjects
MNI_DIR           /data/users2/washbee/freesurfer/mni
pmdata 380036 380036 /data/hcp-plis/drive01/380036/T1w/380036/mri/orig.mgz
-------- freesurfer-linux-centos7_x86_64-dev-20221114-585f56b --------
Setting up environment for FreeSurfer/FS-FAST (and FSL)
FREESURFER_HOME   /data/users2/washbee/freesurfer
FSFAST_HOME       /data/users2/washbee/freesurfer/fsfast
FSF_OUTPUT_FORMAT nii.gz
SUBJECTS_DIR      /data/users2/washbee/freesurfer/subjects
MNI_DIR           /data/users2/washbee/freesurfer/mni
pmdata 386250 386250 /data/hcp-plis/drive01/386250/T1w/386250/mri/orig.mgz
-------- freesurfer-linux-centos7_x86_64-dev-20221114-585f56b --------
Setting up environment for FreeSurfer/FS-FAST (and FSL)
FREESURFER_HOME   /data/users2/washbee/freesurfer
FSFAST_HOME       /data/users2/washbee/freesurfer/fsfast
FSF_OUTPUT_FORMAT nii.gz
SUBJECTS_DIR      /data/users2/washbee/freesurfer/subjects
MNI_DIR           /data/users2/washbee/freesurfer/mni
pmdata 381543 381543 /data/hcp-plis/drive01/381543/T1w/381543/mri/orig.mgz
-------- freesurfer-linux-centos7_x86_64-dev-20221114-585f56b --------
Setting up environment for FreeSurfer/FS-FAST (and FSL)
FREESURFER_HOME   /data/users2/washbee/freesurfer
FSFAST_HOME       /data/users2/washbee/freesurfer/fsfast
FSF_OUTPUT_FORMAT nii.gz
SUBJECTS_DIR      /data/users2/washbee/freesurfer/subjects
MNI_DIR           /data/users2/washbee/freesurfer/mni
pmdata 387959 387959 /data/hcp-plis/drive01/387959/T1w/387959/mri/orig.mgz
-------- freesurfer-linux-centos7_x86_64-dev-20221114-585f56b --------
Setting up environment for FreeSurfer/FS-FAST (and FSL)
FREESURFER_HOME   /data/users2/washbee/freesurfer
FSFAST_HOME       /data/users2/washbee/freesurfer/fsfast
FSF_OUTPUT_FORMAT nii.gz
SUBJECTS_DIR      /data/users2/washbee/freesurfer/subjects
-------- freesurfer-linux-centos7_x86_64-dev-20221114-585f56b --------
Setting up environment for FreeSurfer/FS-FAST (and FSL)
FREESURFER_HOME   /data/users2/washbee/freesurfer
FSFAST_HOME       /data/users2/washbee/freesurfer/fsfast
FSF_OUTPUT_FORMAT nii.gz
SUBJECTS_DIR      /data/users2/washbee/freesurfer/subjects
MNI_DIR           /data/users2/washbee/freesurfer/mni
pmdata 381038 381038 /data/hcp-plis/drive01/381038/T1w/381038/mri/orig.mgz
-------- freesurfer-linux-centos7_x86_64-dev-20221114-585f56b --------
Setting up environment for FreeSurfer/FS-FAST (and FSL)
MNI_DIR           /data/users2/washbee/freesurfer/mni
FREESURFER_HOME   /data/users2/washbee/freesurfer
FSFAST_HOME       /data/users2/washbee/freesurfer/fsfast
FSF_OUTPUT_FORMAT nii.gz
SUBJECTS_DIR      /data/users2/washbee/freesurfer/subjects
pmdata 379657 379657 /data/hcp-plis/drive01/379657/T1w/379657/mri/orig.mgz
MNI_DIR           /data/users2/washbee/freesurfer/mni
pmdata 389357 389357 /data/hcp-plis/drive01/389357/T1w/389357/mri/orig.mgz
-------- freesurfer-linux-centos7_x86_64-dev-20221114-585f56b --------
Setting up environment for FreeSurfer/FS-FAST (and FSL)
FREESURFER_HOME   /data/users2/washbee/freesurfer
FSFAST_HOME       /data/users2/washbee/freesurfer/fsfast
FSF_OUTPUT_FORMAT nii.gz
SUBJECTS_DIR      /data/users2/washbee/freesurfer/subjects
MNI_DIR           /data/users2/washbee/freesurfer/mni
pmdata 382242 382242 /data/hcp-plis/drive01/382242/T1w/382242/mri/orig.mgz
[2022-12-20 03:05:02,296][__main__][INFO] - Data Preprocessing Routine
Config:
inputs:
  sample_id: 385450
  mri_vol_path: /data/hcp-plis/drive01/385450/T1w/385450/mri/orig.mgz
  lh_pial_path: /data/hcp-plis/drive01/385450/T1w/385450/surf/lh.pial
  lh_white_path: /data/hcp-plis/drive01/385450/T1w/385450/surf/lh.white
  rh_pial_path: /data/hcp-plis/drive01/385450/T1w/385450/surf/rh.pial
  rh_white_path: /data/hcp-plis/drive01/385450/T1w/385450/surf/rh.white
registration:
  only_rigid: false
  template_path: /deepcsr/resources/MNI152_T1_1mm.nii.gz
sampling:
  num_points: 4000000
  bbox_ratio: 0.1
  bbox_size:
  - 192.0
  - 228.0
  - 192.0
  point_pertub_sigma: 1.0
  distance_method: point2center
outputs:
  output_dir: /data/users2/washbee/speedrun/deepcsr-preprocessed
  compress: true

[2022-12-20 03:05:02,297][__main__][INFO] - 1 - Registering input images...
[2022-12-20 03:05:02,325][__main__][INFO] - Data Preprocessing Routine
Config:
inputs:
  sample_id: 389357
  mri_vol_path: /data/hcp-plis/drive01/389357/T1w/389357/mri/orig.mgz
  lh_pial_path: /data/hcp-plis/drive01/389357/T1w/389357/surf/lh.pial
  lh_white_path: /data/hcp-plis/drive01/389357/T1w/389357/surf/lh.white
  rh_pial_path: /data/hcp-plis/drive01/389357/T1w/389357/surf/rh.pial
  rh_white_path: /data/hcp-plis/drive01/389357/T1w/389357/surf/rh.white
registration:
  only_rigid: false
  template_path: /deepcsr/resources/MNI152_T1_1mm.nii.gz
sampling:
  num_points: 4000000
  bbox_ratio: 0.1
  bbox_size:
  - 192.0
  - 228.0
  - 192.0
  point_pertub_sigma: 1.0
  distance_method: point2center
outputs:
  output_dir: /data/users2/washbee/speedrun/deepcsr-preprocessed
  compress: true

[2022-12-20 03:05:02,325][__main__][INFO] - 1 - Registering input images...
[2022-12-20 03:05:02,377][__main__][INFO] - Data Preprocessing Routine
Config:
inputs:
  sample_id: 387959
  mri_vol_path: /data/hcp-plis/drive01/387959/T1w/387959/mri/orig.mgz
  lh_pial_path: /data/hcp-plis/drive01/387959/T1w/387959/surf/lh.pial
  lh_white_path: /data/hcp-plis/drive01/387959/T1w/387959/surf/lh.white
  rh_pial_path: /data/hcp-plis/drive01/387959/T1w/387959/surf/rh.pial
  rh_white_path: /data/hcp-plis/drive01/387959/T1w/387959/surf/rh.white
registration:
  only_rigid: false
  template_path: /deepcsr/resources/MNI152_T1_1mm.nii.gz
sampling:
  num_points: 4000000
  bbox_ratio: 0.1
  bbox_size:
  - 192.0
  - 228.0
  - 192.0
  point_pertub_sigma: 1.0
  distance_method: point2center
outputs:
  output_dir: /data/users2/washbee/speedrun/deepcsr-preprocessed
  compress: true

[2022-12-20 03:05:02,377][__main__][INFO] - 1 - Registering input images...
[2022-12-20 03:05:02,382][__main__][INFO] - Data Preprocessing Routine
Config:
inputs:
  sample_id: 378857
  mri_vol_path: /data/hcp-plis/drive01/378857/T1w/378857/mri/orig.mgz
  lh_pial_path: /data/hcp-plis/drive01/378857/T1w/378857/surf/lh.pial
  lh_white_path: /data/hcp-plis/drive01/378857/T1w/378857/surf/lh.white
  rh_pial_path: /data/hcp-plis/drive01/378857/T1w/378857/surf/rh.pial
  rh_white_path: /data/hcp-plis/drive01/378857/T1w/378857/surf/rh.white
registration:
  only_rigid: false
  template_path: /deepcsr/resources/MNI152_T1_1mm.nii.gz
sampling:
  num_points: 4000000
  bbox_ratio: 0.1
  bbox_size:
  - 192.0
  - 228.0
  - 192.0
  point_pertub_sigma: 1.0
  distance_method: point2center
outputs:
  output_dir: /data/users2/washbee/speedrun/deepcsr-preprocessed
  compress: true

[2022-12-20 03:05:02,383][__main__][INFO] - 1 - Registering input images...
[2022-12-20 03:05:02,475][__main__][INFO] - Data Preprocessing Routine
Config:
inputs:
  sample_id: 381543
  mri_vol_path: /data/hcp-plis/drive01/381543/T1w/381543/mri/orig.mgz
  lh_pial_path: /data/hcp-plis/drive01/381543/T1w/381543/surf/lh.pial
  lh_white_path: /data/hcp-plis/drive01/381543/T1w/381543/surf/lh.white
  rh_pial_path: /data/hcp-plis/drive01/381543/T1w/381543/surf/rh.pial
  rh_white_path: /data/hcp-plis/drive01/381543/T1w/381543/surf/rh.white
registration:
  only_rigid: false
  template_path: /deepcsr/resources/MNI152_T1_1mm.nii.gz
sampling:
  num_points: 4000000
  bbox_ratio: 0.1
  bbox_size:
  - 192.0
  - 228.0
  - 192.0
  point_pertub_sigma: 1.0
  distance_method: point2center
outputs:
  output_dir: /data/users2/washbee/speedrun/deepcsr-preprocessed
  compress: true

[2022-12-20 03:05:02,475][__main__][INFO] - 1 - Registering input images...
[2022-12-20 03:05:02,476][__main__][INFO] - Data Preprocessing Routine
Config:
inputs:
  sample_id: 377451
  mri_vol_path: /data/hcp-plis/drive01/377451/T1w/377451/mri/orig.mgz
  lh_pial_path: /data/hcp-plis/drive01/377451/T1w/377451/surf/lh.pial
  lh_white_path: /data/hcp-plis/drive01/377451/T1w/377451/surf/lh.white
  rh_pial_path: /data/hcp-plis/drive01/377451/T1w/377451/surf/rh.pial
  rh_white_path: /data/hcp-plis/drive01/377451/T1w/377451/surf/rh.white
registration:
  only_rigid: false
  template_path: /deepcsr/resources/MNI152_T1_1mm.nii.gz
sampling:
  num_points: 4000000
  bbox_ratio: 0.1
  bbox_size:
  - 192.0
  - 228.0
  - 192.0
  point_pertub_sigma: 1.0
  distance_method: point2center
outputs:
  output_dir: /data/users2/washbee/speedrun/deepcsr-preprocessed
  compress: true

[2022-12-20 03:05:02,477][__main__][INFO] - 1 - Registering input images...
mri_convert /data/hcp-plis/drive01/381543/T1w/381543/mri/orig.mgz /data/users2/washbee/speedrun/deepcsr-preprocessed/381543/mri.nii.gz 
mri_convert /data/hcp-plis/drive01/377451/T1w/377451/mri/orig.mgz /data/users2/washbee/speedrun/deepcsr-preprocessed/377451/mri.nii.gz 
mri_convert /data/hcp-plis/drive01/387959/T1w/387959/mri/orig.mgz /data/users2/washbee/speedrun/deepcsr-preprocessed/387959/mri.nii.gz 
mri_convert /data/hcp-plis/drive01/378857/T1w/378857/mri/orig.mgz /data/users2/washbee/speedrun/deepcsr-preprocessed/378857/mri.nii.gz 
mri_convert /data/hcp-plis/drive01/385450/T1w/385450/mri/orig.mgz /data/users2/washbee/speedrun/deepcsr-preprocessed/385450/mri.nii.gz 
mri_convert /data/hcp-plis/drive01/389357/T1w/389357/mri/orig.mgz /data/users2/washbee/speedrun/deepcsr-preprocessed/389357/mri.nii.gz 
[2022-12-20 03:05:02,517][__main__][INFO] - Data Preprocessing Routine
Config:
inputs:
  sample_id: 386250
  mri_vol_path: /data/hcp-plis/drive01/386250/T1w/386250/mri/orig.mgz
  lh_pial_path: /data/hcp-plis/drive01/386250/T1w/386250/surf/lh.pial
  lh_white_path: /data/hcp-plis/drive01/386250/T1w/386250/surf/lh.white
  rh_pial_path: /data/hcp-plis/drive01/386250/T1w/386250/surf/rh.pial
  rh_white_path: /data/hcp-plis/drive01/386250/T1w/386250/surf/rh.white
registration:
  only_rigid: false
  template_path: /deepcsr/resources/MNI152_T1_1mm.nii.gz
sampling:
  num_points: 4000000
  bbox_ratio: 0.1
  bbox_size:
  - 192.0
  - 228.0
  - 192.0
  point_pertub_sigma: 1.0
  distance_method: point2center
outputs:
  output_dir: /data/users2/washbee/speedrun/deepcsr-preprocessed
  compress: true

[2022-12-20 03:05:02,517][__main__][INFO] - 1 - Registering input images...
[2022-12-20 03:05:02,531][__main__][INFO] - Data Preprocessing Routine
Config:
inputs:
  sample_id: 381038
  mri_vol_path: /data/hcp-plis/drive01/381038/T1w/381038/mri/orig.mgz
  lh_pial_path: /data/hcp-plis/drive01/381038/T1w/381038/surf/lh.pial
  lh_white_path: /data/hcp-plis/drive01/381038/T1w/381038/surf/lh.white
  rh_pial_path: /data/hcp-plis/drive01/381038/T1w/381038/surf/rh.pial
  rh_white_path: /data/hcp-plis/drive01/381038/T1w/381038/surf/rh.white
registration:
  only_rigid: false
  template_path: /deepcsr/resources/MNI152_T1_1mm.nii.gz
sampling:
  num_points: 4000000
  bbox_ratio: 0.1
  bbox_size:
  - 192.0
  - 228.0
  - 192.0
  point_pertub_sigma: 1.0
  distance_method: point2center
outputs:
  output_dir: /data/users2/washbee/speedrun/deepcsr-preprocessed
  compress: true

[2022-12-20 03:05:02,531][__main__][INFO] - 1 - Registering input images...
mri_convert /data/hcp-plis/drive01/386250/T1w/386250/mri/orig.mgz /data/users2/washbee/speedrun/deepcsr-preprocessed/386250/mri.nii.gz 
mri_convert /data/hcp-plis/drive01/381038/T1w/381038/mri/orig.mgz /data/users2/washbee/speedrun/deepcsr-preprocessed/381038/mri.nii.gz 
[2022-12-20 03:05:02,568][__main__][INFO] - Data Preprocessing Routine
Config:
inputs:
  sample_id: 380036
  mri_vol_path: /data/hcp-plis/drive01/380036/T1w/380036/mri/orig.mgz
  lh_pial_path: /data/hcp-plis/drive01/380036/T1w/380036/surf/lh.pial
  lh_white_path: /data/hcp-plis/drive01/380036/T1w/380036/surf/lh.white
  rh_pial_path: /data/hcp-plis/drive01/380036/T1w/380036/surf/rh.pial
  rh_white_path: /data/hcp-plis/drive01/380036/T1w/380036/surf/rh.white
registration:
  only_rigid: false
  template_path: /deepcsr/resources/MNI152_T1_1mm.nii.gz
sampling:
  num_points: 4000000
  bbox_ratio: 0.1
  bbox_size:
  - 192.0
  - 228.0
  - 192.0
  point_pertub_sigma: 1.0
  distance_method: point2center
outputs:
  output_dir: /data/users2/washbee/speedrun/deepcsr-preprocessed
  compress: true

[2022-12-20 03:05:02,568][__main__][INFO] - 1 - Registering input images...
[2022-12-20 03:05:02,571][__main__][INFO] - Data Preprocessing Routine
Config:
inputs:
  sample_id: 382242
  mri_vol_path: /data/hcp-plis/drive01/382242/T1w/382242/mri/orig.mgz
  lh_pial_path: /data/hcp-plis/drive01/382242/T1w/382242/surf/lh.pial
  lh_white_path: /data/hcp-plis/drive01/382242/T1w/382242/surf/lh.white
  rh_pial_path: /data/hcp-plis/drive01/382242/T1w/382242/surf/rh.pial
  rh_white_path: /data/hcp-plis/drive01/382242/T1w/382242/surf/rh.white
registration:
  only_rigid: false
  template_path: /deepcsr/resources/MNI152_T1_1mm.nii.gz
sampling:
  num_points: 4000000
  bbox_ratio: 0.1
  bbox_size:
  - 192.0
  - 228.0
  - 192.0
  point_pertub_sigma: 1.0
  distance_method: point2center
outputs:
  output_dir: /data/users2/washbee/speedrun/deepcsr-preprocessed
  compress: true

[2022-12-20 03:05:02,571][__main__][INFO] - 1 - Registering input images...
mri_convert /data/hcp-plis/drive01/380036/T1w/380036/mri/orig.mgz /data/users2/washbee/speedrun/deepcsr-preprocessed/380036/mri.nii.gz 
mri_convert /data/hcp-plis/drive01/382242/T1w/382242/mri/orig.mgz /data/users2/washbee/speedrun/deepcsr-preprocessed/382242/mri.nii.gz 
[2022-12-20 03:05:02,623][__main__][INFO] - Data Preprocessing Routine
Config:
inputs:
  sample_id: 379657
  mri_vol_path: /data/hcp-plis/drive01/379657/T1w/379657/mri/orig.mgz
  lh_pial_path: /data/hcp-plis/drive01/379657/T1w/379657/surf/lh.pial
  lh_white_path: /data/hcp-plis/drive01/379657/T1w/379657/surf/lh.white
  rh_pial_path: /data/hcp-plis/drive01/379657/T1w/379657/surf/rh.pial
  rh_white_path: /data/hcp-plis/drive01/379657/T1w/379657/surf/rh.white
registration:
  only_rigid: false
  template_path: /deepcsr/resources/MNI152_T1_1mm.nii.gz
sampling:
  num_points: 4000000
  bbox_ratio: 0.1
  bbox_size:
  - 192.0
  - 228.0
  - 192.0
  point_pertub_sigma: 1.0
  distance_method: point2center
outputs:
  output_dir: /data/users2/washbee/speedrun/deepcsr-preprocessed
  compress: true

[2022-12-20 03:05:02,623][__main__][INFO] - 1 - Registering input images...
mri_convert /data/hcp-plis/drive01/379657/T1w/379657/mri/orig.mgz /data/users2/washbee/speedrun/deepcsr-preprocessed/379657/mri.nii.gz 
reading from /data/hcp-plis/drive01/389357/T1w/389357/mri/orig.mgz...
TR=2400.00, TE=0.00, TI=0.00, flip angle=0.00
i_ras = (-1, 0, 0)
j_ras = (0, 0, -1)
k_ras = (0, 1, 0)
writing to /data/users2/washbee/speedrun/deepcsr-preprocessed/389357/mri.nii.gz...
reading from /data/hcp-plis/drive01/382242/T1w/382242/mri/orig.mgz...
TR=2400.00, TE=0.00, TI=0.00, flip angle=0.00
i_ras = (-1, 0, 0)
j_ras = (0, 0, -1)
k_ras = (0, 1, 0)
writing to /data/users2/washbee/speedrun/deepcsr-preprocessed/382242/mri.nii.gz...
reading from /data/hcp-plis/drive01/386250/T1w/386250/mri/orig.mgz...
TR=2400.00, TE=0.00, TI=0.00, flip angle=0.00
i_ras = (-1, 0, 0)
j_ras = (0, 0, -1)
k_ras = (0, 1, 0)
writing to /data/users2/washbee/speedrun/deepcsr-preprocessed/386250/mri.nii.gz...
reading from /data/hcp-plis/drive01/387959/T1w/387959/mri/orig.mgz...
TR=2400.00, TE=0.00, TI=0.00, flip angle=0.00
i_ras = (-1, 0, 0)
j_ras = (0, 0, -1)
k_ras = (0, 1, 0)
writing to /data/users2/washbee/speedrun/deepcsr-preprocessed/387959/mri.nii.gz...
reading from /data/hcp-plis/drive01/385450/T1w/385450/mri/orig.mgz...
TR=2400.00, TE=0.00, TI=0.00, flip angle=0.00
i_ras = (-1, 0, 0)
j_ras = (0, 0, -1)
k_ras = (0, 1, 0)
writing to /data/users2/washbee/speedrun/deepcsr-preprocessed/385450/mri.nii.gz...
reading from /data/hcp-plis/drive01/380036/T1w/380036/mri/orig.mgz...
TR=2400.00, TE=0.00, TI=0.00, flip angle=0.00
i_ras = (-1, 0, 0)
j_ras = (0, 0, -1)
k_ras = (0, 1, 0)
writing to /data/users2/washbee/speedrun/deepcsr-preprocessed/380036/mri.nii.gz...
reading from /data/hcp-plis/drive01/381038/T1w/381038/mri/orig.mgz...
TR=2400.00, TE=0.00, TI=0.00, flip angle=0.00
i_ras = (-1, 0, 0)
j_ras = (0, 0, -1)
k_ras = (0, 1, 0)
writing to /data/users2/washbee/speedrun/deepcsr-preprocessed/381038/mri.nii.gz...
reading from /data/hcp-plis/drive01/377451/T1w/377451/mri/orig.mgz...
TR=2400.00, TE=0.00, TI=0.00, flip angle=0.00
i_ras = (-1, 0, 0)
j_ras = (0, 0, -1)
k_ras = (0, 1, 0)
writing to /data/users2/washbee/speedrun/deepcsr-preprocessed/377451/mri.nii.gz...
reading from /data/hcp-plis/drive01/378857/T1w/378857/mri/orig.mgz...
TR=2400.00, TE=0.00, TI=0.00, flip angle=0.00
i_ras = (-1, 0, 0)
j_ras = (0, 0, -1)
k_ras = (0, 1, 0)
writing to /data/users2/washbee/speedrun/deepcsr-preprocessed/378857/mri.nii.gz...
reading from /data/hcp-plis/drive01/381543/T1w/381543/mri/orig.mgz...
TR=2400.00, TE=0.00, TI=0.00, flip angle=0.00
i_ras = (-1, 0, 0)
j_ras = (0, 0, -1)
k_ras = (0, 1, 0)
writing to /data/users2/washbee/speedrun/deepcsr-preprocessed/381543/mri.nii.gz...
reading from /data/hcp-plis/drive01/379657/T1w/379657/mri/orig.mgz...
TR=2400.00, TE=0.00, TI=0.00, flip angle=0.00
i_ras = (-1, 0, 0)
j_ras = (0, 0, -1)
k_ras = (0, 1, 0)
writing to /data/users2/washbee/speedrun/deepcsr-preprocessed/379657/mri.nii.gz...

[NiftyReg ALADIN] Command line:
	 reg_aladin -ref /deepcsr/resources/MNI152_T1_1mm.nii.gz -flo /data/users2/washbee/speedrun/deepcsr-preprocessed/389357/mri.nii.gz -aff /data/users2/washbee/speedrun/deepcsr-preprocessed/389357/transform_affine.txt

[reg_aladin_sym] Parameters
[reg_aladin_sym] Reference image name: /deepcsr/resources/MNI152_T1_1mm.nii.gz
[reg_aladin_sym] 	182x218x182 voxels
[reg_aladin_sym] 	1x1x1 mm
[reg_aladin_sym] Floating image name: /data/users2/washbee/speedrun/deepcsr-preprocessed/389357/mri.nii.gz
[reg_aladin_sym] 	256x256x256 voxels
[reg_aladin_sym] 	1x1x1 mm
[reg_aladin_sym] Maximum iteration number: 5 (10 during the first level)
[reg_aladin_sym] Percentage of blocks: 50 %
* * * * * * * * * * * * * * * * * * * * * * * * * * * * * * * * * * * * * * * *
[reg_aladin_sym] Current level 1 / 3
[reg_aladin_sym] reference image size: 	46x55x46 voxels	4x4x4 mm
[reg_aladin_sym] floating image size: 	64x64x64 voxels	4x4x4 mm
[reg_aladin_sym] Block size = [4 4 4]
* * * * * * * * * * * * * * * * * * * * * * * * * * * * * * * * * * * * * * * *
[reg_aladin_sym] Forward Block number = [12 14 12]
[reg_aladin_sym] Backward Block number = [16 16 16]
[reg_aladin_sym] Initial forward transformation matrix::
1.0000	0.0000	0.0000	0.0000
0.0000	1.0000	0.0000	-0.5000
0.0000	0.0000	1.0000	0.0000
0.0000	0.0000	0.0000	1.0000
[reg_aladin_sym] Initial backward transformation matrix::
1.0000	0.0000	0.0000	0.0000
0.0000	1.0000	0.0000	0.5000
0.0000	0.0000	1.0000	0.0000
0.0000	0.0000	0.0000	1.0000
* * * * * * * * * * * * * * * * * * * * * * * * * * * * * * * * * * * * * * * *
[reg_aladin_sym] Final forward transformation matrix::
0.9073	-0.0069	0.0083	0.0257
0.0242	0.9630	0.0397	0.2679
0.0150	-0.0527	0.8591	-1.2607
0.0000	0.0000	0.0000	1.0000
[reg_aladin_sym] Final backward transformation matrix::
1.1021	0.0073	-0.0110	-0.0442
-0.0269	1.0356	-0.0476	-0.3368
-0.0209	0.0634	1.1613	1.4475
0.0000	0.0000	0.0000	1.0000
- - - - - - - - - - - - - - - - - - - - - - - - - - - - - - - - - - - - - - - -
[reg_aladin_sym] Current level 2 / 3
[reg_aladin_sym] reference image size: 	91x109x91 voxels	2x2x2 mm
[reg_aladin_sym] floating image size: 	128x128x128 voxels	2x2x2 mm
[reg_aladin_sym] Block size = [4 4 4]
* * * * * * * * * * * * * * * * * * * * * * * * * * * * * * * * * * * * * * * *
[reg_aladin_sym] Forward Block number = [23 28 23]
[reg_aladin_sym] Backward Block number = [32 32 32]
[reg_aladin_sym] Initial forward transformation matrix::
0.9073	-0.0069	0.0083	0.0257
0.0242	0.9630	0.0397	0.2679
0.0150	-0.0527	0.8591	-1.2607
0.0000	0.0000	0.0000	1.0000
[reg_aladin_sym] Initial backward transformation matrix::
1.1021	0.0073	-0.0110	-0.0442
-0.0269	1.0356	-0.0476	-0.3368
-0.0209	0.0634	1.1613	1.4475
0.0000	0.0000	0.0000	1.0000
* * * * * * * * * * * * * * * * * * * * * * * * * * * * * * * * * * * * * * * *
[reg_aladin_sym] Final forward transformation matrix::
0.9093	-0.0017	-0.0003	-0.2892
0.0126	0.9628	0.0568	0.5893
-0.0021	-0.0532	0.8584	-0.9760
0.0000	0.0000	0.0000	1.0000
[reg_aladin_sym] Final backward transformation matrix::
1.0997	0.0019	0.0002	0.3171
-0.0145	1.0348	-0.0685	-0.6809
0.0018	0.0641	1.1607	1.0956
0.0000	0.0000	0.0000	1.0000
- - - - - - - - - - - - - - - - - - - - - - - - - - - - - - - - - - - - - - - -
[reg_aladin_sym] Current level 3 / 3
[reg_aladin_sym] reference image size: 	182x218x182 voxels	1x1x1 mm
[reg_aladin_sym] floating image size: 	256x256x256 voxels	1x1x1 mm
[reg_aladin_sym] Block size = [4 4 4]
* * * * * * * * * * * * * * * * * * * * * * * * * * * * * * * * * * * * * * * *
[reg_aladin_sym] Forward Block number = [46 55 46]
[reg_aladin_sym] Backward Block number = [64 64 64]
[reg_aladin_sym] Initial forward transformation matrix::
0.9093	-0.0017	-0.0003	-0.2892
0.0126	0.9628	0.0568	0.5893
-0.0021	-0.0532	0.8584	-0.9760
0.0000	0.0000	0.0000	1.0000
[reg_aladin_sym] Initial backward transformation matrix::
1.0997	0.0019	0.0002	0.3171
-0.0145	1.0348	-0.0685	-0.6809
0.0018	0.0641	1.1607	1.0956
0.0000	0.0000	0.0000	1.0000
* * * * * * * * * * * * * * * * * * * * * * * * * * * * * * * * * * * * * * * *
[reg_aladin_sym] Final forward transformation matrix::
0.8967	-0.0030	0.0000	-0.1905
0.0085	0.9560	0.0468	0.2621
-0.0081	-0.0623	0.8499	-1.2257
0.0000	0.0000	0.0000	1.0000
[reg_aladin_sym] Final backward transformation matrix::
1.1152	0.0035	-0.0002	0.2112
-0.0105	1.0423	-0.0574	-0.3456
0.0099	0.0764	1.1724	1.4189
0.0000	0.0000	0.0000	1.0000
- - - - - - - - - - - - - - - - - - - - - - - - - - - - - - - - - - - - - - - -
Registration Performed in 1 min 42 sec
Have a good day !

* * * * * * * * * * * * * * * * * * * * * * * * * * * * * * * * * * * * * * * *
Command line:
 reg_resample -ref /deepcsr/resources/MNI152_T1_1mm.nii.gz -flo /data/users2/washbee/speedrun/deepcsr-preprocessed/389357/mri.nii.gz -trans /data/users2/washbee/speedrun/deepcsr-preprocessed/389357/transform_affine.txt -res /data/users2/washbee/speedrun/deepcsr-preprocessed/389357/mri.nii.gz -inter 3

Parameters
Reference image name: /deepcsr/resources/MNI152_T1_1mm.nii.gz
	182x218x182 voxels, 1 volumes
	1x1x1 mm
Floating image name: /data/users2/washbee/speedrun/deepcsr-preprocessed/389357/mri.nii.gz
	256x256x256 voxels, 1 volumes
	1x1x1 mm
* * * * * * * * * * * * * * * * * * * * * * * * * * * * * * * * * * * * * * * *

[NiftyReg] Resampled image has been saved: /data/users2/washbee/speedrun/deepcsr-preprocessed/389357/mri.nii.gz
[2022-12-20 03:06:46,458][__main__][INFO] - Image registration done in 102.93283867835999 seconds
[2022-12-20 03:06:46,458][__main__][INFO] - 2 - Converting and warping surfaces
Converting from tkr to scanner coordinates
Saving /data/users2/washbee/speedrun/deepcsr-preprocessed/389357/lh_pial.stl as a surface
[2022-12-20 03:06:47,797][__main__][INFO] - Surface lh_pial converted and warped in 1.3306233882904053 seconds
Converting from tkr to scanner coordinates
Saving /data/users2/washbee/speedrun/deepcsr-preprocessed/389357/lh_white.stl as a surface
[2022-12-20 03:06:48,865][__main__][INFO] - Surface lh_white converted and warped in 1.068080186843872 seconds
Converting from tkr to scanner coordinates
Saving /data/users2/washbee/speedrun/deepcsr-preprocessed/389357/rh_pial.stl as a surface
[2022-12-20 03:06:49,973][__main__][INFO] - Surface rh_pial converted and warped in 1.1070456504821777 seconds
Converting from tkr to scanner coordinates
Saving /data/users2/washbee/speedrun/deepcsr-preprocessed/389357/rh_white.stl as a surface
[2022-12-20 03:06:51,067][__main__][INFO] - Surface rh_white converted and warped in 1.0937397480010986 seconds
[2022-12-20 03:06:51,067][__main__][INFO] - All surfaces conversion and warping done in 4.608279705047607 seconds
[2022-12-20 03:06:52,435][__main__][INFO] - 3 - Generating point clouds
[2022-12-20 03:06:54,913][__main__][INFO] - Writing pointcloud: /data/users2/washbee/speedrun/deepcsr-preprocessed/389357/pointcloud.train.npz

[NiftyReg ALADIN] Command line:
	 reg_aladin -ref /deepcsr/resources/MNI152_T1_1mm.nii.gz -flo /data/users2/washbee/speedrun/deepcsr-preprocessed/381543/mri.nii.gz -aff /data/users2/washbee/speedrun/deepcsr-preprocessed/381543/transform_affine.txt

[reg_aladin_sym] Parameters
[reg_aladin_sym] Reference image name: /deepcsr/resources/MNI152_T1_1mm.nii.gz
[reg_aladin_sym] 	182x218x182 voxels
[reg_aladin_sym] 	1x1x1 mm
[reg_aladin_sym] Floating image name: /data/users2/washbee/speedrun/deepcsr-preprocessed/381543/mri.nii.gz
[reg_aladin_sym] 	256x256x256 voxels
[reg_aladin_sym] 	1x1x1 mm
[reg_aladin_sym] Maximum iteration number: 5 (10 during the first level)
[reg_aladin_sym] Percentage of blocks: 50 %
* * * * * * * * * * * * * * * * * * * * * * * * * * * * * * * * * * * * * * * *
[reg_aladin_sym] Current level 1 / 3
[reg_aladin_sym] reference image size: 	46x55x46 voxels	4x4x4 mm
[reg_aladin_sym] floating image size: 	64x64x64 voxels	4x4x4 mm
[reg_aladin_sym] Block size = [4 4 4]
* * * * * * * * * * * * * * * * * * * * * * * * * * * * * * * * * * * * * * * *
[reg_aladin_sym] Forward Block number = [12 14 12]
[reg_aladin_sym] Backward Block number = [16 16 16]
[reg_aladin_sym] Initial forward transformation matrix::
1.0000	0.0000	0.0000	0.0000
0.0000	1.0000	0.0000	-0.5000
0.0000	0.0000	1.0000	0.0000
0.0000	0.0000	0.0000	1.0000
[reg_aladin_sym] Initial backward transformation matrix::
1.0000	0.0000	0.0000	0.0000
0.0000	1.0000	0.0000	0.5000
0.0000	0.0000	1.0000	0.0000
0.0000	0.0000	0.0000	1.0000
* * * * * * * * * * * * * * * * * * * * * * * * * * * * * * * * * * * * * * * *
[reg_aladin_sym] Final forward transformation matrix::
0.9217	0.0103	0.0264	0.0646
-0.0072	0.9556	0.0298	0.4933
0.0053	-0.0158	0.8697	-2.4273
0.0000	0.0000	0.0000	1.0000
[reg_aladin_sym] Final backward transformation matrix::
1.0850	-0.0122	-0.0326	-0.1431
0.0084	1.0458	-0.0361	-0.6040
-0.0065	0.0191	1.1493	2.7808
0.0000	0.0000	0.0000	1.0000
- - - - - - - - - - - - - - - - - - - - - - - - - - - - - - - - - - - - - - - -
[reg_aladin_sym] Current level 2 / 3
[reg_aladin_sym] reference image size: 	91x109x91 voxels	2x2x2 mm
[reg_aladin_sym] floating image size: 	128x128x128 voxels	2x2x2 mm
[reg_aladin_sym] Block size = [4 4 4]
* * * * * * * * * * * * * * * * * * * * * * * * * * * * * * * * * * * * * * * *
[reg_aladin_sym] Forward Block number = [23 28 23]
[reg_aladin_sym] Backward Block number = [32 32 32]
[reg_aladin_sym] Initial forward transformation matrix::
0.9217	0.0103	0.0264	0.0646
-0.0072	0.9556	0.0298	0.4933
0.0053	-0.0158	0.8697	-2.4273
0.0000	0.0000	0.0000	1.0000
[reg_aladin_sym] Initial backward transformation matrix::
1.0850	-0.0122	-0.0326	-0.1431
0.0084	1.0458	-0.0361	-0.6040
-0.0065	0.0191	1.1493	2.7808
0.0000	0.0000	0.0000	1.0000
* * * * * * * * * * * * * * * * * * * * * * * * * * * * * * * * * * * * * * * *
[reg_aladin_sym] Final forward transformation matrix::
0.9214	0.0047	0.0053	-0.1423
-0.0302	0.9625	0.0071	0.5844
-0.0197	-0.0157	0.8625	-1.8310
0.0000	0.0000	0.0000	1.0000
[reg_aladin_sym] Final backward transformation matrix::
1.0850	-0.0054	-0.0066	0.1454
0.0338	1.0387	-0.0087	-0.6182
0.0254	0.0187	1.1592	2.1151
0.0000	0.0000	0.0000	1.0000
- - - - - - - - - - - - - - - - - - - - - - - - - - - - - - - - - - - - - - - -
[reg_aladin_sym] Current level 3 / 3
[reg_aladin_sym] reference image size: 	182x218x182 voxels	1x1x1 mm
[reg_aladin_sym] floating image size: 	256x256x256 voxels	1x1x1 mm
[reg_aladin_sym] Block size = [4 4 4]
* * * * * * * * * * * * * * * * * * * * * * * * * * * * * * * * * * * * * * * *
[reg_aladin_sym] Forward Block number = [46 55 46]
[reg_aladin_sym] Backward Block number = [64 64 64]
[reg_aladin_sym] Initial forward transformation matrix::
0.9214	0.0047	0.0053	-0.1423
-0.0302	0.9625	0.0071	0.5844
-0.0197	-0.0157	0.8625	-1.8310
0.0000	0.0000	0.0000	1.0000
[reg_aladin_sym] Initial backward transformation matrix::
1.0850	-0.0054	-0.0066	0.1454
0.0338	1.0387	-0.0087	-0.6182
0.0254	0.0187	1.1592	2.1151
0.0000	0.0000	0.0000	1.0000
* * * * * * * * * * * * * * * * * * * * * * * * * * * * * * * * * * * * * * * *
[reg_aladin_sym] Final forward transformation matrix::
0.9104	0.0096	0.0088	0.0317
-0.0382	0.9495	0.0046	0.2830
-0.0171	-0.0162	0.8602	-2.0045
0.0000	0.0000	0.0000	1.0000
[reg_aladin_sym] Final backward transformation matrix::
1.0977	-0.0112	-0.0112	-0.0541
0.0441	1.0526	-0.0061	-0.3114
0.0227	0.0197	1.1622	2.3234
0.0000	0.0000	0.0000	1.0000
- - - - - - - - - - - - - - - - - - - - - - - - - - - - - - - - - - - - - - - -
Registration Performed in 1 min 53 sec
Have a good day !
[2022-12-20 03:06:56,967][__main__][INFO] - Point cloud sampled for train split in 4.531697511672974 seconds

* * * * * * * * * * * * * * * * * * * * * * * * * * * * * * * * * * * * * * * *
Command line:
 reg_resample -ref /deepcsr/resources/MNI152_T1_1mm.nii.gz -flo /data/users2/washbee/speedrun/deepcsr-preprocessed/381543/mri.nii.gz -trans /data/users2/washbee/speedrun/deepcsr-preprocessed/381543/transform_affine.txt -res /data/users2/washbee/speedrun/deepcsr-preprocessed/381543/mri.nii.gz -inter 3

Parameters
Reference image name: /deepcsr/resources/MNI152_T1_1mm.nii.gz
	182x218x182 voxels, 1 volumes
	1x1x1 mm
Floating image name: /data/users2/washbee/speedrun/deepcsr-preprocessed/381543/mri.nii.gz
	256x256x256 voxels, 1 volumes
	1x1x1 mm
* * * * * * * * * * * * * * * * * * * * * * * * * * * * * * * * * * * * * * * *

[NiftyReg] Resampled image has been saved: /data/users2/washbee/speedrun/deepcsr-preprocessed/381543/mri.nii.gz
[2022-12-20 03:06:57,956][__main__][INFO] - Image registration done in 114.28238010406494 seconds
[2022-12-20 03:06:57,957][__main__][INFO] - 2 - Converting and warping surfaces

[NiftyReg ALADIN] Command line:
	 reg_aladin -ref /deepcsr/resources/MNI152_T1_1mm.nii.gz -flo /data/users2/washbee/speedrun/deepcsr-preprocessed/377451/mri.nii.gz -aff /data/users2/washbee/speedrun/deepcsr-preprocessed/377451/transform_affine.txt

[reg_aladin_sym] Parameters
[reg_aladin_sym] Reference image name: /deepcsr/resources/MNI152_T1_1mm.nii.gz
[reg_aladin_sym] 	182x218x182 voxels
[reg_aladin_sym] 	1x1x1 mm
[reg_aladin_sym] Floating image name: /data/users2/washbee/speedrun/deepcsr-preprocessed/377451/mri.nii.gz
[reg_aladin_sym] 	256x256x256 voxels
[reg_aladin_sym] 	1x1x1 mm
[reg_aladin_sym] Maximum iteration number: 5 (10 during the first level)
[reg_aladin_sym] Percentage of blocks: 50 %
* * * * * * * * * * * * * * * * * * * * * * * * * * * * * * * * * * * * * * * *
[reg_aladin_sym] Current level 1 / 3
[reg_aladin_sym] reference image size: 	46x55x46 voxels	4x4x4 mm
[reg_aladin_sym] floating image size: 	64x64x64 voxels	4x4x4 mm
[reg_aladin_sym] Block size = [4 4 4]
* * * * * * * * * * * * * * * * * * * * * * * * * * * * * * * * * * * * * * * *
[reg_aladin_sym] Forward Block number = [12 14 12]
[reg_aladin_sym] Backward Block number = [16 16 16]
[reg_aladin_sym] Initial forward transformation matrix::
1.0000	0.0000	0.0000	0.0000
0.0000	1.0000	0.0000	-0.5000
0.0000	0.0000	1.0000	0.0000
0.0000	0.0000	0.0000	1.0000
[reg_aladin_sym] Initial backward transformation matrix::
1.0000	0.0000	0.0000	0.0000
0.0000	1.0000	0.0000	0.5000
0.0000	0.0000	1.0000	0.0000
0.0000	0.0000	0.0000	1.0000
* * * * * * * * * * * * * * * * * * * * * * * * * * * * * * * * * * * * * * * *
[reg_aladin_sym] Final forward transformation matrix::
0.9260	-0.0095	0.0059	-0.4320
0.0305	0.9604	0.0072	0.4291
0.0012	-0.0139	0.8952	-0.8832
0.0000	0.0000	0.0000	1.0000
[reg_aladin_sym] Final backward transformation matrix::
1.0796	0.0105	-0.0072	0.4555
-0.0343	1.0408	-0.0081	-0.4686
-0.0019	0.0161	1.1170	0.9788
0.0000	0.0000	0.0000	1.0000
- - - - - - - - - - - - - - - - - - - - - - - - - - - - - - - - - - - - - - - -
[reg_aladin_sym] Current level 2 / 3
[reg_aladin_sym] reference image size: 	91x109x91 voxels	2x2x2 mm
[reg_aladin_sym] floating image size: 	128x128x128 voxels	2x2x2 mm
[reg_aladin_sym] Block size = [4 4 4]
* * * * * * * * * * * * * * * * * * * * * * * * * * * * * * * * * * * * * * * *
[reg_aladin_sym] Forward Block number = [23 28 23]
[reg_aladin_sym] Backward Block number = [32 32 32]
[reg_aladin_sym] Initial forward transformation matrix::
0.9260	-0.0095	0.0059	-0.4320
0.0305	0.9604	0.0072	0.4291
0.0012	-0.0139	0.8952	-0.8832
0.0000	0.0000	0.0000	1.0000
[reg_aladin_sym] Initial backward transformation matrix::
1.0796	0.0105	-0.0072	0.4555
-0.0343	1.0408	-0.0081	-0.4686
-0.0019	0.0161	1.1170	0.9788
0.0000	0.0000	0.0000	1.0000
* * * * * * * * * * * * * * * * * * * * * * * * * * * * * * * * * * * * * * * *
[reg_aladin_sym] Final forward transformation matrix::
0.9325	-0.0122	-0.0032	-0.6215
0.0182	0.9755	0.0120	0.3492
0.0070	-0.0102	0.9049	-1.1169
0.0000	0.0000	0.0000	1.0000
[reg_aladin_sym] Final backward transformation matrix::
1.0721	0.0134	0.0037	0.6657
-0.0199	1.0248	-0.0137	-0.3855
-0.0085	0.0114	1.1050	1.2249
0.0000	0.0000	0.0000	1.0000
- - - - - - - - - - - - - - - - - - - - - - - - - - - - - - - - - - - - - - - -
[reg_aladin_sym] Current level 3 / 3
[reg_aladin_sym] reference image size: 	182x218x182 voxels	1x1x1 mm
[reg_aladin_sym] floating image size: 	256x256x256 voxels	1x1x1 mm
[reg_aladin_sym] Block size = [4 4 4]
* * * * * * * * * * * * * * * * * * * * * * * * * * * * * * * * * * * * * * * *
[reg_aladin_sym] Forward Block number = [46 55 46]
[reg_aladin_sym] Backward Block number = [64 64 64]
[reg_aladin_sym] Initial forward transformation matrix::
0.9325	-0.0122	-0.0032	-0.6215
0.0182	0.9755	0.0120	0.3492
0.0070	-0.0102	0.9049	-1.1169
0.0000	0.0000	0.0000	1.0000
[reg_aladin_sym] Initial backward transformation matrix::
1.0721	0.0134	0.0037	0.6657
-0.0199	1.0248	-0.0137	-0.3855
-0.0085	0.0114	1.1050	1.2249
0.0000	0.0000	0.0000	1.0000
* * * * * * * * * * * * * * * * * * * * * * * * * * * * * * * * * * * * * * * *
[reg_aladin_sym] Final forward transformation matrix::
0.9217	-0.0063	-0.0027	-0.7113
0.0204	0.9592	-0.0050	-0.0529
0.0110	-0.0140	0.8986	-1.1404
0.0000	0.0000	0.0000	1.0000
[reg_aladin_sym] Final backward transformation matrix::
1.0848	0.0072	0.0033	0.7758
-0.0231	1.0425	0.0057	0.0452
-0.0137	0.0162	1.1129	1.2604
0.0000	0.0000	0.0000	1.0000
- - - - - - - - - - - - - - - - - - - - - - - - - - - - - - - - - - - - - - - -
Registration Performed in 1 min 55 sec
Have a good day !
Converting from tkr to scanner coordinates
Saving /data/users2/washbee/speedrun/deepcsr-preprocessed/381543/lh_pial.stl as a surface
[2022-12-20 03:06:59,317][__main__][INFO] - Writing pointcloud: /data/users2/washbee/speedrun/deepcsr-preprocessed/389357/pointcloud.val.npz
[2022-12-20 03:06:59,478][__main__][INFO] - Surface lh_pial converted and warped in 1.5137920379638672 seconds

* * * * * * * * * * * * * * * * * * * * * * * * * * * * * * * * * * * * * * * *
Command line:
 reg_resample -ref /deepcsr/resources/MNI152_T1_1mm.nii.gz -flo /data/users2/washbee/speedrun/deepcsr-preprocessed/377451/mri.nii.gz -trans /data/users2/washbee/speedrun/deepcsr-preprocessed/377451/transform_affine.txt -res /data/users2/washbee/speedrun/deepcsr-preprocessed/377451/mri.nii.gz -inter 3

Parameters
Reference image name: /deepcsr/resources/MNI152_T1_1mm.nii.gz
	182x218x182 voxels, 1 volumes
	1x1x1 mm
Floating image name: /data/users2/washbee/speedrun/deepcsr-preprocessed/377451/mri.nii.gz
	256x256x256 voxels, 1 volumes
	1x1x1 mm
* * * * * * * * * * * * * * * * * * * * * * * * * * * * * * * * * * * * * * * *

[NiftyReg] Resampled image has been saved: /data/users2/washbee/speedrun/deepcsr-preprocessed/377451/mri.nii.gz
[2022-12-20 03:07:00,166][__main__][INFO] - Image registration done in 116.49923491477966 seconds
[2022-12-20 03:07:00,167][__main__][INFO] - 2 - Converting and warping surfaces
Converting from tkr to scanner coordinates
Saving /data/users2/washbee/speedrun/deepcsr-preprocessed/381543/lh_white.stl as a surface
[2022-12-20 03:07:00,932][__main__][INFO] - Surface lh_white converted and warped in 1.453798770904541 seconds
Converting from tkr to scanner coordinates
Saving /data/users2/washbee/speedrun/deepcsr-preprocessed/377451/lh_pial.stl as a surface
[2022-12-20 03:07:01,394][__main__][INFO] - Point cloud sampled for val split in 4.427343130111694 seconds
[2022-12-20 03:07:01,395][__main__][INFO] - Point cloud sampled in 8.959864616394043 seconds
[2022-12-20 03:07:01,395][__main__][INFO] - 4 - Generating implicit surface ground-truth
[2022-12-20 03:07:01,669][__main__][INFO] - Surface lh_pial converted and warped in 1.4940121173858643 seconds
Converting from tkr to scanner coordinates
Saving /data/users2/washbee/speedrun/deepcsr-preprocessed/381543/rh_pial.stl as a surface

[NiftyReg ALADIN] Command line:
	 reg_aladin -ref /deepcsr/resources/MNI152_T1_1mm.nii.gz -flo /data/users2/washbee/speedrun/deepcsr-preprocessed/387959/mri.nii.gz -aff /data/users2/washbee/speedrun/deepcsr-preprocessed/387959/transform_affine.txt

[reg_aladin_sym] Parameters
[reg_aladin_sym] Reference image name: /deepcsr/resources/MNI152_T1_1mm.nii.gz
[reg_aladin_sym] 	182x218x182 voxels
[reg_aladin_sym] 	1x1x1 mm
[reg_aladin_sym] Floating image name: /data/users2/washbee/speedrun/deepcsr-preprocessed/387959/mri.nii.gz
[reg_aladin_sym] 	256x256x256 voxels
[reg_aladin_sym] 	1x1x1 mm
[reg_aladin_sym] Maximum iteration number: 5 (10 during the first level)
[reg_aladin_sym] Percentage of blocks: 50 %
* * * * * * * * * * * * * * * * * * * * * * * * * * * * * * * * * * * * * * * *
[reg_aladin_sym] Current level 1 / 3
[reg_aladin_sym] reference image size: 	46x55x46 voxels	4x4x4 mm
[reg_aladin_sym] floating image size: 	64x64x64 voxels	4x4x4 mm
[reg_aladin_sym] Block size = [4 4 4]
* * * * * * * * * * * * * * * * * * * * * * * * * * * * * * * * * * * * * * * *
[reg_aladin_sym] Forward Block number = [12 14 12]
[reg_aladin_sym] Backward Block number = [16 16 16]
[reg_aladin_sym] Initial forward transformation matrix::
1.0000	0.0000	0.0000	0.0000
0.0000	1.0000	0.0000	-0.5000
0.0000	0.0000	1.0000	0.0000
0.0000	0.0000	0.0000	1.0000
[reg_aladin_sym] Initial backward transformation matrix::
1.0000	0.0000	0.0000	0.0000
0.0000	1.0000	0.0000	0.5000
0.0000	0.0000	1.0000	0.0000
0.0000	0.0000	0.0000	1.0000
* * * * * * * * * * * * * * * * * * * * * * * * * * * * * * * * * * * * * * * *
[reg_aladin_sym] Final forward transformation matrix::
0.9457	0.0014	-0.0149	0.0115
-0.0065	1.0149	0.0281	0.2970
0.0172	-0.0133	0.9492	-0.7905
