-------- freesurfer-linux-centos7_x86_64-dev-20221114-585f56b --------
Setting up environment for FreeSurfer/FS-FAST (and FSL)
-------- freesurfer-linux-centos7_x86_64-dev-20221114-585f56b --------
Setting up environment for FreeSurfer/FS-FAST (and FSL)
FREESURFER_HOME   /data/users2/washbee/freesurfer
FREESURFER_HOME   /data/users2/washbee/freesurfer
FSFAST_HOME       /data/users2/washbee/freesurfer/fsfast
FSFAST_HOME       /data/users2/washbee/freesurfer/fsfast
FSF_OUTPUT_FORMAT nii.gz
FSF_OUTPUT_FORMAT nii.gz
SUBJECTS_DIR      /data/users2/washbee/freesurfer/subjects
SUBJECTS_DIR      /data/users2/washbee/freesurfer/subjects
MNI_DIR           /data/users2/washbee/freesurfer/mni
MNI_DIR           /data/users2/washbee/freesurfer/mni
pmdata 348545 348545 /data/hcp-plis/hdd06/348545/T1w/348545/mri/orig.mgz
pmdata 358144 358144 /data/hcp-plis/hdd06/358144/T1w/358144/mri/orig.mgz
[2022-12-20 03:38:12,663][__main__][INFO] - Data Preprocessing Routine
Config:
inputs:
  sample_id: 348545
  mri_vol_path: /data/hcp-plis/hdd06/348545/T1w/348545/mri/orig.mgz
  lh_pial_path: /data/hcp-plis/hdd06/348545/T1w/348545/surf/lh.pial
  lh_white_path: /data/hcp-plis/hdd06/348545/T1w/348545/surf/lh.white
  rh_pial_path: /data/hcp-plis/hdd06/348545/T1w/348545/surf/rh.pial
  rh_white_path: /data/hcp-plis/hdd06/348545/T1w/348545/surf/rh.white
registration:
  only_rigid: false
  template_path: /deepcsr/resources/MNI152_T1_1mm.nii.gz
sampling:
  num_points: 4000000
  bbox_ratio: 0.1
  bbox_size:
  - 192.0
  - 228.0
  - 192.0
  point_pertub_sigma: 1.0
  distance_method: point2center
outputs:
  output_dir: /data/users2/washbee/speedrun/deepcsr-preprocessed
  compress: true

[2022-12-20 03:38:12,664][__main__][INFO] - Data Preprocessing Routine
Config:
inputs:
  sample_id: 358144
  mri_vol_path: /data/hcp-plis/hdd06/358144/T1w/358144/mri/orig.mgz
  lh_pial_path: /data/hcp-plis/hdd06/358144/T1w/358144/surf/lh.pial
  lh_white_path: /data/hcp-plis/hdd06/358144/T1w/358144/surf/lh.white
  rh_pial_path: /data/hcp-plis/hdd06/358144/T1w/358144/surf/rh.pial
  rh_white_path: /data/hcp-plis/hdd06/358144/T1w/358144/surf/rh.white
registration:
  only_rigid: false
  template_path: /deepcsr/resources/MNI152_T1_1mm.nii.gz
sampling:
  num_points: 4000000
  bbox_ratio: 0.1
  bbox_size:
  - 192.0
  - 228.0
  - 192.0
  point_pertub_sigma: 1.0
  distance_method: point2center
outputs:
  output_dir: /data/users2/washbee/speedrun/deepcsr-preprocessed
  compress: true

[2022-12-20 03:38:12,664][__main__][INFO] - 1 - Registering input images...
[2022-12-20 03:38:12,664][__main__][INFO] - 1 - Registering input images...
mri_convert /data/hcp-plis/hdd06/348545/T1w/348545/mri/orig.mgz /data/users2/washbee/speedrun/deepcsr-preprocessed/348545/mri.nii.gz 
mri_convert /data/hcp-plis/hdd06/358144/T1w/358144/mri/orig.mgz /data/users2/washbee/speedrun/deepcsr-preprocessed/358144/mri.nii.gz 
reading from /data/hcp-plis/hdd06/358144/T1w/358144/mri/orig.mgz...
TR=2400.00, TE=0.00, TI=0.00, flip angle=0.00
i_ras = (-1, 0, 0)
j_ras = (0, 0, -1)
k_ras = (0, 1, 0)
writing to /data/users2/washbee/speedrun/deepcsr-preprocessed/358144/mri.nii.gz...
reading from /data/hcp-plis/hdd06/348545/T1w/348545/mri/orig.mgz...
TR=2400.00, TE=0.00, TI=0.00, flip angle=0.00
i_ras = (-1, 0, 0)
j_ras = (0, 0, -1)
k_ras = (0, 1, 0)
writing to /data/users2/washbee/speedrun/deepcsr-preprocessed/348545/mri.nii.gz...

[NiftyReg ALADIN] Command line:
	 reg_aladin -ref /deepcsr/resources/MNI152_T1_1mm.nii.gz -flo /data/users2/washbee/speedrun/deepcsr-preprocessed/358144/mri.nii.gz -aff /data/users2/washbee/speedrun/deepcsr-preprocessed/358144/transform_affine.txt

[reg_aladin_sym] Parameters
[reg_aladin_sym] Reference image name: /deepcsr/resources/MNI152_T1_1mm.nii.gz
[reg_aladin_sym] 	182x218x182 voxels
[reg_aladin_sym] 	1x1x1 mm
[reg_aladin_sym] Floating image name: /data/users2/washbee/speedrun/deepcsr-preprocessed/358144/mri.nii.gz
[reg_aladin_sym] 	256x256x256 voxels
[reg_aladin_sym] 	1x1x1 mm
[reg_aladin_sym] Maximum iteration number: 5 (10 during the first level)
[reg_aladin_sym] Percentage of blocks: 50 %
* * * * * * * * * * * * * * * * * * * * * * * * * * * * * * * * * * * * * * * *
[reg_aladin_sym] Current level 1 / 3
[reg_aladin_sym] reference image size: 	46x55x46 voxels	4x4x4 mm
[reg_aladin_sym] floating image size: 	64x64x64 voxels	4x4x4 mm
[reg_aladin_sym] Block size = [4 4 4]
* * * * * * * * * * * * * * * * * * * * * * * * * * * * * * * * * * * * * * * *
[reg_aladin_sym] Forward Block number = [12 14 12]
[reg_aladin_sym] Backward Block number = [16 16 16]
[reg_aladin_sym] Initial forward transformation matrix::
1.0000	0.0000	0.0000	0.0000
0.0000	1.0000	0.0000	-0.5000
0.0000	0.0000	1.0000	0.0000
0.0000	0.0000	0.0000	1.0000
[reg_aladin_sym] Initial backward transformation matrix::
1.0000	0.0000	0.0000	0.0000
0.0000	1.0000	0.0000	0.5000
0.0000	0.0000	1.0000	0.0000
0.0000	0.0000	0.0000	1.0000
* * * * * * * * * * * * * * * * * * * * * * * * * * * * * * * * * * * * * * * *
[reg_aladin_sym] Final forward transformation matrix::
0.9498	0.0005	0.0017	0.0841
-0.0147	0.9757	0.0312	0.2596
0.0162	-0.0385	0.8764	-1.9577
0.0000	0.0000	0.0000	1.0000
[reg_aladin_sym] Final backward transformation matrix::
1.0528	-0.0006	-0.0020	-0.0923
0.0164	1.0235	-0.0365	-0.3385
-0.0187	0.0450	1.1394	2.2205
0.0000	0.0000	0.0000	1.0000
- - - - - - - - - - - - - - - - - - - - - - - - - - - - - - - - - - - - - - - -
[reg_aladin_sym] Current level 2 / 3
[reg_aladin_sym] reference image size: 	91x109x91 voxels	2x2x2 mm
[reg_aladin_sym] floating image size: 	128x128x128 voxels	2x2x2 mm
[reg_aladin_sym] Block size = [4 4 4]
* * * * * * * * * * * * * * * * * * * * * * * * * * * * * * * * * * * * * * * *
[reg_aladin_sym] Forward Block number = [23 28 23]
[reg_aladin_sym] Backward Block number = [32 32 32]
[reg_aladin_sym] Initial forward transformation matrix::
0.9498	0.0005	0.0017	0.0841
-0.0147	0.9757	0.0312	0.2596
0.0162	-0.0385	0.8764	-1.9577
0.0000	0.0000	0.0000	1.0000
[reg_aladin_sym] Initial backward transformation matrix::
1.0528	-0.0006	-0.0020	-0.0923
0.0164	1.0235	-0.0365	-0.3385
-0.0187	0.0450	1.1394	2.2205
0.0000	0.0000	0.0000	1.0000
* * * * * * * * * * * * * * * * * * * * * * * * * * * * * * * * * * * * * * * *
[reg_aladin_sym] Final forward transformation matrix::
0.9586	0.0002	-0.0189	-0.0886
-0.0187	0.9764	0.0223	-0.3642
0.0174	-0.0152	0.8926	-1.9948
0.0000	0.0000	0.0000	1.0000
[reg_aladin_sym] Final backward transformation matrix::
1.0428	0.0001	0.0221	0.1365
0.0204	1.0238	-0.0251	0.3246
-0.0200	0.0174	1.1194	2.2376
-0.0000	0.0000	0.0000	1.0000
- - - - - - - - - - - - - - - - - - - - - - - - - - - - - - - - - - - - - - - -
[reg_aladin_sym] Current level 3 / 3
[reg_aladin_sym] reference image size: 	182x218x182 voxels	1x1x1 mm
[reg_aladin_sym] floating image size: 	256x256x256 voxels	1x1x1 mm
[reg_aladin_sym] Block size = [4 4 4]
* * * * * * * * * * * * * * * * * * * * * * * * * * * * * * * * * * * * * * * *
[reg_aladin_sym] Forward Block number = [46 55 46]
[reg_aladin_sym] Backward Block number = [64 64 64]
[reg_aladin_sym] Initial forward transformation matrix::
0.9586	0.0002	-0.0189	-0.0886
-0.0187	0.9764	0.0223	-0.3642
0.0174	-0.0152	0.8926	-1.9948
0.0000	0.0000	0.0000	1.0000
[reg_aladin_sym] Initial backward transformation matrix::
1.0428	0.0001	0.0221	0.1365
0.0204	1.0238	-0.0251	0.3246
-0.0200	0.0174	1.1194	2.2376
-0.0000	0.0000	0.0000	1.0000
* * * * * * * * * * * * * * * * * * * * * * * * * * * * * * * * * * * * * * * *
[reg_aladin_sym] Final forward transformation matrix::
0.9521	0.0036	-0.0078	0.1906
-0.0248	0.9587	0.0081	-0.5840
0.0200	-0.0162	0.8839	-2.0754
0.0000	0.0000	0.0000	1.0000
[reg_aladin_sym] Final backward transformation matrix::
1.0500	-0.0038	0.0093	-0.1831
0.0274	1.0428	-0.0093	0.5845
-0.0233	0.0192	1.1310	2.3629
0.0000	0.0000	0.0000	1.0000
- - - - - - - - - - - - - - - - - - - - - - - - - - - - - - - - - - - - - - - -
Registration Performed in 1 min 42 sec
Have a good day !

* * * * * * * * * * * * * * * * * * * * * * * * * * * * * * * * * * * * * * * *
Command line:
 reg_resample -ref /deepcsr/resources/MNI152_T1_1mm.nii.gz -flo /data/users2/washbee/speedrun/deepcsr-preprocessed/358144/mri.nii.gz -trans /data/users2/washbee/speedrun/deepcsr-preprocessed/358144/transform_affine.txt -res /data/users2/washbee/speedrun/deepcsr-preprocessed/358144/mri.nii.gz -inter 3

Parameters
Reference image name: /deepcsr/resources/MNI152_T1_1mm.nii.gz
	182x218x182 voxels, 1 volumes
	1x1x1 mm
Floating image name: /data/users2/washbee/speedrun/deepcsr-preprocessed/358144/mri.nii.gz
	256x256x256 voxels, 1 volumes
	1x1x1 mm
* * * * * * * * * * * * * * * * * * * * * * * * * * * * * * * * * * * * * * * *

[NiftyReg] Resampled image has been saved: /data/users2/washbee/speedrun/deepcsr-preprocessed/358144/mri.nii.gz
[2022-12-20 03:39:57,679][__main__][INFO] - Image registration done in 103.44345116615295 seconds
[2022-12-20 03:39:57,680][__main__][INFO] - 2 - Converting and warping surfaces
Converting from tkr to scanner coordinates
Saving /data/users2/washbee/speedrun/deepcsr-preprocessed/358144/lh_pial.stl as a surface
[2022-12-20 03:39:59,621][__main__][INFO] - Surface lh_pial converted and warped in 1.909989833831787 seconds
Converting from tkr to scanner coordinates
Saving /data/users2/washbee/speedrun/deepcsr-preprocessed/358144/lh_white.stl as a surface
[2022-12-20 03:40:01,169][__main__][INFO] - Surface lh_white converted and warped in 1.5472497940063477 seconds
Converting from tkr to scanner coordinates
Saving /data/users2/washbee/speedrun/deepcsr-preprocessed/358144/rh_pial.stl as a surface
[2022-12-20 03:40:02,775][__main__][INFO] - Surface rh_pial converted and warped in 1.6060619354248047 seconds
Converting from tkr to scanner coordinates
Saving /data/users2/washbee/speedrun/deepcsr-preprocessed/358144/rh_white.stl as a surface

[NiftyReg ALADIN] Command line:
	 reg_aladin -ref /deepcsr/resources/MNI152_T1_1mm.nii.gz -flo /data/users2/washbee/speedrun/deepcsr-preprocessed/348545/mri.nii.gz -aff /data/users2/washbee/speedrun/deepcsr-preprocessed/348545/transform_affine.txt

[reg_aladin_sym] Parameters
[reg_aladin_sym] Reference image name: /deepcsr/resources/MNI152_T1_1mm.nii.gz
[reg_aladin_sym] 	182x218x182 voxels
[reg_aladin_sym] 	1x1x1 mm
[reg_aladin_sym] Floating image name: /data/users2/washbee/speedrun/deepcsr-preprocessed/348545/mri.nii.gz
[reg_aladin_sym] 	256x256x256 voxels
[reg_aladin_sym] 	1x1x1 mm
[reg_aladin_sym] Maximum iteration number: 5 (10 during the first level)
[reg_aladin_sym] Percentage of blocks: 50 %
* * * * * * * * * * * * * * * * * * * * * * * * * * * * * * * * * * * * * * * *
[reg_aladin_sym] Current level 1 / 3
[reg_aladin_sym] reference image size: 	46x55x46 voxels	4x4x4 mm
[reg_aladin_sym] floating image size: 	64x64x64 voxels	4x4x4 mm
[reg_aladin_sym] Block size = [4 4 4]
* * * * * * * * * * * * * * * * * * * * * * * * * * * * * * * * * * * * * * * *
[reg_aladin_sym] Forward Block number = [12 14 12]
[reg_aladin_sym] Backward Block number = [16 16 16]
[reg_aladin_sym] Initial forward transformation matrix::
1.0000	0.0000	0.0000	0.0000
0.0000	1.0000	0.0000	-0.5000
0.0000	0.0000	1.0000	0.0000
0.0000	0.0000	0.0000	1.0000
[reg_aladin_sym] Initial backward transformation matrix::
1.0000	0.0000	0.0000	0.0000
0.0000	1.0000	0.0000	0.5000
0.0000	0.0000	1.0000	0.0000
0.0000	0.0000	0.0000	1.0000
* * * * * * * * * * * * * * * * * * * * * * * * * * * * * * * * * * * * * * * *
[reg_aladin_sym] Final forward transformation matrix::
0.9151	0.0047	-0.0077	0.1898
-0.0192	0.9758	0.0505	0.3412
0.0114	-0.0050	0.8977	-1.1401
0.0000	0.0000	0.0000	1.0000
[reg_aladin_sym] Final backward transformation matrix::
1.0926	-0.0053	0.0096	-0.1947
0.0222	1.0244	-0.0574	-0.4192
-0.0138	0.0057	1.1136	1.2702
-0.0000	0.0000	0.0000	1.0000
- - - - - - - - - - - - - - - - - - - - - - - - - - - - - - - - - - - - - - - -
[reg_aladin_sym] Current level 2 / 3
[reg_aladin_sym] reference image size: 	91x109x91 voxels	2x2x2 mm
[reg_aladin_sym] floating image size: 	128x128x128 voxels	2x2x2 mm
[reg_aladin_sym] Block size = [4 4 4]
* * * * * * * * * * * * * * * * * * * * * * * * * * * * * * * * * * * * * * * *
[reg_aladin_sym] Forward Block number = [23 28 23]
[reg_aladin_sym] Backward Block number = [32 32 32]
[reg_aladin_sym] Initial forward transformation matrix::
0.9151	0.0047	-0.0077	0.1898
-0.0192	0.9758	0.0505	0.3412
0.0114	-0.0050	0.8977	-1.1401
0.0000	0.0000	0.0000	1.0000
[reg_aladin_sym] Initial backward transformation matrix::
1.0926	-0.0053	0.0096	-0.1947
0.0222	1.0244	-0.0574	-0.4192
-0.0138	0.0057	1.1136	1.2702
-0.0000	0.0000	0.0000	1.0000
* * * * * * * * * * * * * * * * * * * * * * * * * * * * * * * * * * * * * * * *
[reg_aladin_sym] Final forward transformation matrix::
0.9138	0.0079	-0.0046	0.0581
-0.0224	0.9740	0.0209	-0.1708
-0.0020	0.0051	0.9035	-1.5940
0.0000	0.0000	0.0000	1.0000
[reg_aladin_sym] Final backward transformation matrix::
1.0941	-0.0089	0.0058	-0.0559
0.0251	1.0267	-0.0237	0.1362
0.0023	-0.0058	1.1069	1.7634
0.0000	0.0000	0.0000	1.0000
- - - - - - - - - - - - - - - - - - - - - - - - - - - - - - - - - - - - - - - -
[reg_aladin_sym] Current level 3 / 3
[reg_aladin_sym] reference image size: 	182x218x182 voxels	1x1x1 mm
[reg_aladin_sym] floating image size: 	256x256x256 voxels	1x1x1 mm
[reg_aladin_sym] Block size = [4 4 4]
* * * * * * * * * * * * * * * * * * * * * * * * * * * * * * * * * * * * * * * *
[reg_aladin_sym] Forward Block number = [46 55 46]
[reg_aladin_sym] Backward Block number = [64 64 64]
[reg_aladin_sym] Initial forward transformation matrix::
0.9138	0.0079	-0.0046	0.0581
-0.0224	0.9740	0.0209	-0.1708
-0.0020	0.0051	0.9035	-1.5940
0.0000	0.0000	0.0000	1.0000
[reg_aladin_sym] Initial backward transformation matrix::
1.0941	-0.0089	0.0058	-0.0559
0.0251	1.0267	-0.0237	0.1362
0.0023	-0.0058	1.1069	1.7634
0.0000	0.0000	0.0000	1.0000
* * * * * * * * * * * * * * * * * * * * * * * * * * * * * * * * * * * * * * * *
[reg_aladin_sym] Final forward transformation matrix::
0.9007	0.0047	-0.0056	0.4288
-0.0299	0.9611	0.0151	-0.2868
0.0012	0.0044	0.8966	-2.1088
0.0000	0.0000	0.0000	1.0000
[reg_aladin_sym] Final backward transformation matrix::
1.1100	-0.0055	0.0070	-0.4628
0.0345	1.0404	-0.0173	0.2470
-0.0016	-0.0051	1.1153	2.3513
0.0000	0.0000	0.0000	1.0000
- - - - - - - - - - - - - - - - - - - - - - - - - - - - - - - - - - - - - - - -
Registration Performed in 1 min 50 sec
Have a good day !
[2022-12-20 03:40:04,390][__main__][INFO] - Surface rh_white converted and warped in 1.6144204139709473 seconds
[2022-12-20 03:40:04,390][__main__][INFO] - All surfaces conversion and warping done in 6.710252523422241 seconds

* * * * * * * * * * * * * * * * * * * * * * * * * * * * * * * * * * * * * * * *
Command line:
 reg_resample -ref /deepcsr/resources/MNI152_T1_1mm.nii.gz -flo /data/users2/washbee/speedrun/deepcsr-preprocessed/348545/mri.nii.gz -trans /data/users2/washbee/speedrun/deepcsr-preprocessed/348545/transform_affine.txt -res /data/users2/washbee/speedrun/deepcsr-preprocessed/348545/mri.nii.gz -inter 3

Parameters
Reference image name: /deepcsr/resources/MNI152_T1_1mm.nii.gz
	182x218x182 voxels, 1 volumes
	1x1x1 mm
Floating image name: /data/users2/washbee/speedrun/deepcsr-preprocessed/348545/mri.nii.gz
	256x256x256 voxels, 1 volumes
	1x1x1 mm
* * * * * * * * * * * * * * * * * * * * * * * * * * * * * * * * * * * * * * * *

[NiftyReg] Resampled image has been saved: /data/users2/washbee/speedrun/deepcsr-preprocessed/348545/mri.nii.gz
[2022-12-20 03:40:05,308][__main__][INFO] - Image registration done in 111.07081389427185 seconds
[2022-12-20 03:40:05,308][__main__][INFO] - 2 - Converting and warping surfaces
Converting from tkr to scanner coordinates
Saving /data/users2/washbee/speedrun/deepcsr-preprocessed/348545/lh_pial.stl as a surface
[2022-12-20 03:40:06,474][__main__][INFO] - 3 - Generating point clouds
[2022-12-20 03:40:06,682][__main__][INFO] - Surface lh_pial converted and warped in 1.3687622547149658 seconds
Converting from tkr to scanner coordinates
Saving /data/users2/washbee/speedrun/deepcsr-preprocessed/348545/lh_white.stl as a surface
[2022-12-20 03:40:08,044][__main__][INFO] - Surface lh_white converted and warped in 1.3617448806762695 seconds
Converting from tkr to scanner coordinates
Saving /data/users2/washbee/speedrun/deepcsr-preprocessed/348545/rh_pial.stl as a surface
[2022-12-20 03:40:09,398][__main__][INFO] - Surface rh_pial converted and warped in 1.3539817333221436 seconds
[2022-12-20 03:40:09,661][__main__][INFO] - Writing pointcloud: /data/users2/washbee/speedrun/deepcsr-preprocessed/358144/pointcloud.train.npz
Converting from tkr to scanner coordinates
Saving /data/users2/washbee/speedrun/deepcsr-preprocessed/348545/rh_white.stl as a surface
[2022-12-20 03:40:10,743][__main__][INFO] - Surface rh_white converted and warped in 1.3444631099700928 seconds
[2022-12-20 03:40:10,743][__main__][INFO] - All surfaces conversion and warping done in 5.434703826904297 seconds
[2022-12-20 03:40:12,458][__main__][INFO] - Point cloud sampled for train split in 5.98387336730957 seconds
[2022-12-20 03:40:12,527][__main__][INFO] - 3 - Generating point clouds
[2022-12-20 03:40:15,380][__main__][INFO] - Writing pointcloud: /data/users2/washbee/speedrun/deepcsr-preprocessed/358144/pointcloud.val.npz
[2022-12-20 03:40:15,577][__main__][INFO] - Writing pointcloud: /data/users2/washbee/speedrun/deepcsr-preprocessed/348545/pointcloud.train.npz
[2022-12-20 03:40:18,186][__main__][INFO] - Point cloud sampled for val split in 5.728304386138916 seconds
[2022-12-20 03:40:18,187][__main__][INFO] - Point cloud sampled in 11.712646484375 seconds
[2022-12-20 03:40:18,187][__main__][INFO] - 4 - Generating implicit surface ground-truth
[2022-12-20 03:40:18,364][__main__][INFO] - Point cloud sampled for train split in 5.83610463142395 seconds
[2022-12-20 03:40:21,193][__main__][INFO] - Writing pointcloud: /data/users2/washbee/speedrun/deepcsr-preprocessed/348545/pointcloud.val.npz
[2022-12-20 03:40:23,971][__main__][INFO] - Point cloud sampled for val split in 5.60722541809082 seconds
[2022-12-20 03:40:23,971][__main__][INFO] - Point cloud sampled in 11.4438796043396 seconds
[2022-12-20 03:40:23,972][__main__][INFO] - 4 - Generating implicit surface ground-truth
Writing points: /data/users2/washbee/speedrun/deepcsr-preprocessed/348545/points.train.npz
[2022-12-20 03:46:00,877][__main__][INFO] - Implicit surface ground-truth computed for train split in 336.9049711227417 seconds
Writing points: /data/users2/washbee/speedrun/deepcsr-preprocessed/358144/points.train.npz
[2022-12-20 03:46:39,463][__main__][INFO] - Implicit surface ground-truth computed for train split in 381.27647066116333 seconds
Writing points: /data/users2/washbee/speedrun/deepcsr-preprocessed/348545/points.val.npz
[2022-12-20 03:51:39,762][__main__][INFO] - Implicit surface ground-truth computed for val split in 338.88498997688293 seconds
[2022-12-20 03:51:39,763][__main__][INFO] - Implicit surface ground-truth computed in 675.7910284996033
[2022-12-20 03:51:39,763][__main__][INFO] - Preprocessing for 348545 finished in 807.0993604660034 seconds
Writing points: /data/users2/washbee/speedrun/deepcsr-preprocessed/358144/points.val.npz
[2022-12-20 03:52:55,621][__main__][INFO] - Implicit surface ground-truth computed for val split in 376.15764021873474 seconds
[2022-12-20 03:52:55,622][__main__][INFO] - Implicit surface ground-truth computed in 757.4352035522461
[2022-12-20 03:52:55,622][__main__][INFO] - Preprocessing for 358144 finished in 882.9584352970123 seconds
