-------- freesurfer-linux-centos7_x86_64-dev-20221114-585f56b --------
Setting up environment for FreeSurfer/FS-FAST (and FSL)
FREESURFER_HOME   /data/users2/washbee/freesurfer
FSFAST_HOME       /data/users2/washbee/freesurfer/fsfast
FSF_OUTPUT_FORMAT nii.gz
SUBJECTS_DIR      /data/users2/washbee/freesurfer/subjects
MNI_DIR           /data/users2/washbee/freesurfer/mni
pmdata 389357 389357 /data/hcp-plis/drive01/389357/T1w/389357/mri/orig.mgz
-------- freesurfer-linux-centos7_x86_64-dev-20221114-585f56b --------
Setting up environment for FreeSurfer/FS-FAST (and FSL)
FREESURFER_HOME   /data/users2/washbee/freesurfer
FSFAST_HOME       /data/users2/washbee/freesurfer/fsfast
FSF_OUTPUT_FORMAT nii.gz
SUBJECTS_DIR      /data/users2/washbee/freesurfer/subjects
-------- freesurfer-linux-centos7_x86_64-dev-20221114-585f56b --------
Setting up environment for FreeSurfer/FS-FAST (and FSL)
FREESURFER_HOME   /data/users2/washbee/freesurfer
FSFAST_HOME       /data/users2/washbee/freesurfer/fsfast
FSF_OUTPUT_FORMAT nii.gz
SUBJECTS_DIR      /data/users2/washbee/freesurfer/subjects
MNI_DIR           /data/users2/washbee/freesurfer/mni
pmdata 381543 381543 /data/hcp-plis/drive01/381543/T1w/381543/mri/orig.mgz
MNI_DIR           /data/users2/washbee/freesurfer/mni
pmdata 387959 387959 /data/hcp-plis/drive01/387959/T1w/387959/mri/orig.mgz
-------- freesurfer-linux-centos7_x86_64-dev-20221114-585f56b --------
Setting up environment for FreeSurfer/FS-FAST (and FSL)
FREESURFER_HOME   /data/users2/washbee/freesurfer
FSFAST_HOME       /data/users2/washbee/freesurfer/fsfast
FSF_OUTPUT_FORMAT nii.gz
SUBJECTS_DIR      /data/users2/washbee/freesurfer/subjects
-------- freesurfer-linux-centos7_x86_64-dev-20221114-585f56b --------
Setting up environment for FreeSurfer/FS-FAST (and FSL)
FREESURFER_HOME   /data/users2/washbee/freesurfer
FSFAST_HOME       /data/users2/washbee/freesurfer/fsfast
FSF_OUTPUT_FORMAT nii.gz
SUBJECTS_DIR      /data/users2/washbee/freesurfer/subjects
MNI_DIR           /data/users2/washbee/freesurfer/mni
MNI_DIR           /data/users2/washbee/freesurfer/mni
pmdata 382242 382242 /data/hcp-plis/drive01/382242/T1w/382242/mri/orig.mgz
pmdata 385450 385450 /data/hcp-plis/drive01/385450/T1w/385450/mri/orig.mgz
-------- freesurfer-linux-centos7_x86_64-dev-20221114-585f56b --------
Setting up environment for FreeSurfer/FS-FAST (and FSL)
FREESURFER_HOME   /data/users2/washbee/freesurfer
FSFAST_HOME       /data/users2/washbee/freesurfer/fsfast
FSF_OUTPUT_FORMAT nii.gz
SUBJECTS_DIR      /data/users2/washbee/freesurfer/subjects
-------- freesurfer-linux-centos7_x86_64-dev-20221114-585f56b --------
Setting up environment for FreeSurfer/FS-FAST (and FSL)
FREESURFER_HOME   /data/users2/washbee/freesurfer
FSFAST_HOME       /data/users2/washbee/freesurfer/fsfast
FSF_OUTPUT_FORMAT nii.gz
SUBJECTS_DIR      /data/users2/washbee/freesurfer/subjects
MNI_DIR           /data/users2/washbee/freesurfer/mni
pmdata 386250 386250 /data/hcp-plis/drive01/386250/T1w/386250/mri/orig.mgz
MNI_DIR           /data/users2/washbee/freesurfer/mni
pmdata 377451 377451 /data/hcp-plis/drive01/377451/T1w/377451/mri/orig.mgz
-------- freesurfer-linux-centos7_x86_64-dev-20221114-585f56b --------
Setting up environment for FreeSurfer/FS-FAST (and FSL)
FREESURFER_HOME   /data/users2/washbee/freesurfer
FSFAST_HOME       /data/users2/washbee/freesurfer/fsfast
FSF_OUTPUT_FORMAT nii.gz
SUBJECTS_DIR      /data/users2/washbee/freesurfer/subjects
-------- freesurfer-linux-centos7_x86_64-dev-20221114-585f56b --------
Setting up environment for FreeSurfer/FS-FAST (and FSL)
FREESURFER_HOME   /data/users2/washbee/freesurfer
FSFAST_HOME       /data/users2/washbee/freesurfer/fsfast
FSF_OUTPUT_FORMAT nii.gz
SUBJECTS_DIR      /data/users2/washbee/freesurfer/subjects
-------- freesurfer-linux-centos7_x86_64-dev-20221114-585f56b --------
Setting up environment for FreeSurfer/FS-FAST (and FSL)
FREESURFER_HOME   /data/users2/washbee/freesurfer
FSFAST_HOME       /data/users2/washbee/freesurfer/fsfast
FSF_OUTPUT_FORMAT nii.gz
SUBJECTS_DIR      /data/users2/washbee/freesurfer/subjects
MNI_DIR           /data/users2/washbee/freesurfer/mni
pmdata 378857 378857 /data/hcp-plis/drive01/378857/T1w/378857/mri/orig.mgz
MNI_DIR           /data/users2/washbee/freesurfer/mni
-------- freesurfer-linux-centos7_x86_64-dev-20221114-585f56b --------
Setting up environment for FreeSurfer/FS-FAST (and FSL)
MNI_DIR           /data/users2/washbee/freesurfer/mni
FREESURFER_HOME   /data/users2/washbee/freesurfer
FSFAST_HOME       /data/users2/washbee/freesurfer/fsfast
FSF_OUTPUT_FORMAT nii.gz
SUBJECTS_DIR      /data/users2/washbee/freesurfer/subjects
pmdata 381038 381038 /data/hcp-plis/drive01/381038/T1w/381038/mri/orig.mgz
pmdata 379657 379657 /data/hcp-plis/drive01/379657/T1w/379657/mri/orig.mgz
MNI_DIR           /data/users2/washbee/freesurfer/mni
pmdata 380036 380036 /data/hcp-plis/drive01/380036/T1w/380036/mri/orig.mgz
[2022-12-20 02:57:05,324][__main__][INFO] - Data Preprocessing Routine
Config:
inputs:
  sample_id: 389357
  mri_vol_path: /data/hcp-plis/drive01/389357/T1w/389357/mri/orig.mgz
  lh_pial_path: /data/hcp-plis/drive01/389357/T1w/389357/surf/lh.pial
  lh_white_path: /data/hcp-plis/drive01/389357/T1w/389357/surf/lh.white
  rh_pial_path: /data/hcp-plis/drive01/389357/T1w/389357/surf/rh.pial
  rh_white_path: /data/hcp-plis/drive01/389357/T1w/389357/surf/rh.white
registration:
  only_rigid: false
  template_path: /deepcsr/resources/MNI152_T1_1mm.nii.gz
sampling:
  num_points: 4000000
  bbox_ratio: 0.1
  bbox_size:
  - 192.0
  - 228.0
  - 192.0
  point_pertub_sigma: 1.0
  distance_method: point2center
outputs:
  output_dir: /data/users2/washbee/speedrun/deepcsr-preprocessed
  compress: true

[2022-12-20 02:57:05,324][__main__][INFO] - 1 - Registering input images...
mri_convert /data/hcp-plis/drive01/389357/T1w/389357/mri/orig.mgz /data/users2/washbee/speedrun/deepcsr-preprocessed/389357/mri.nii.gz 
[2022-12-20 02:57:05,413][__main__][INFO] - Data Preprocessing Routine
Config:
inputs:
  sample_id: 381543
  mri_vol_path: /data/hcp-plis/drive01/381543/T1w/381543/mri/orig.mgz
  lh_pial_path: /data/hcp-plis/drive01/381543/T1w/381543/surf/lh.pial
  lh_white_path: /data/hcp-plis/drive01/381543/T1w/381543/surf/lh.white
  rh_pial_path: /data/hcp-plis/drive01/381543/T1w/381543/surf/rh.pial
  rh_white_path: /data/hcp-plis/drive01/381543/T1w/381543/surf/rh.white
registration:
  only_rigid: false
  template_path: /deepcsr/resources/MNI152_T1_1mm.nii.gz
sampling:
  num_points: 4000000
  bbox_ratio: 0.1
  bbox_size:
  - 192.0
  - 228.0
  - 192.0
  point_pertub_sigma: 1.0
  distance_method: point2center
outputs:
  output_dir: /data/users2/washbee/speedrun/deepcsr-preprocessed
  compress: true

[2022-12-20 02:57:05,414][__main__][INFO] - 1 - Registering input images...
[2022-12-20 02:57:05,416][__main__][INFO] - Data Preprocessing Routine
Config:
inputs:
  sample_id: 387959
  mri_vol_path: /data/hcp-plis/drive01/387959/T1w/387959/mri/orig.mgz
  lh_pial_path: /data/hcp-plis/drive01/387959/T1w/387959/surf/lh.pial
  lh_white_path: /data/hcp-plis/drive01/387959/T1w/387959/surf/lh.white
  rh_pial_path: /data/hcp-plis/drive01/387959/T1w/387959/surf/rh.pial
  rh_white_path: /data/hcp-plis/drive01/387959/T1w/387959/surf/rh.white
registration:
  only_rigid: false
  template_path: /deepcsr/resources/MNI152_T1_1mm.nii.gz
sampling:
  num_points: 4000000
  bbox_ratio: 0.1
  bbox_size:
  - 192.0
  - 228.0
  - 192.0
  point_pertub_sigma: 1.0
  distance_method: point2center
outputs:
  output_dir: /data/users2/washbee/speedrun/deepcsr-preprocessed
  compress: true

[2022-12-20 02:57:05,416][__main__][INFO] - 1 - Registering input images...
mri_convert /data/hcp-plis/drive01/381543/T1w/381543/mri/orig.mgz /data/users2/washbee/speedrun/deepcsr-preprocessed/381543/mri.nii.gz 
mri_convert /data/hcp-plis/drive01/387959/T1w/387959/mri/orig.mgz /data/users2/washbee/speedrun/deepcsr-preprocessed/387959/mri.nii.gz 
[2022-12-20 02:57:05,477][__main__][INFO] - Data Preprocessing Routine
Config:
inputs:
  sample_id: 382242
  mri_vol_path: /data/hcp-plis/drive01/382242/T1w/382242/mri/orig.mgz
  lh_pial_path: /data/hcp-plis/drive01/382242/T1w/382242/surf/lh.pial
  lh_white_path: /data/hcp-plis/drive01/382242/T1w/382242/surf/lh.white
  rh_pial_path: /data/hcp-plis/drive01/382242/T1w/382242/surf/rh.pial
  rh_white_path: /data/hcp-plis/drive01/382242/T1w/382242/surf/rh.white
registration:
  only_rigid: false
  template_path: /deepcsr/resources/MNI152_T1_1mm.nii.gz
sampling:
  num_points: 4000000
  bbox_ratio: 0.1
  bbox_size:
  - 192.0
  - 228.0
  - 192.0
  point_pertub_sigma: 1.0
  distance_method: point2center
outputs:
  output_dir: /data/users2/washbee/speedrun/deepcsr-preprocessed
  compress: true

[2022-12-20 02:57:05,478][__main__][INFO] - 1 - Registering input images...
[2022-12-20 02:57:05,484][__main__][INFO] - Data Preprocessing Routine
Config:
inputs:
  sample_id: 385450
  mri_vol_path: /data/hcp-plis/drive01/385450/T1w/385450/mri/orig.mgz
  lh_pial_path: /data/hcp-plis/drive01/385450/T1w/385450/surf/lh.pial
  lh_white_path: /data/hcp-plis/drive01/385450/T1w/385450/surf/lh.white
  rh_pial_path: /data/hcp-plis/drive01/385450/T1w/385450/surf/rh.pial
  rh_white_path: /data/hcp-plis/drive01/385450/T1w/385450/surf/rh.white
registration:
  only_rigid: false
  template_path: /deepcsr/resources/MNI152_T1_1mm.nii.gz
sampling:
  num_points: 4000000
  bbox_ratio: 0.1
  bbox_size:
  - 192.0
  - 228.0
  - 192.0
  point_pertub_sigma: 1.0
  distance_method: point2center
outputs:
  output_dir: /data/users2/washbee/speedrun/deepcsr-preprocessed
  compress: true

[2022-12-20 02:57:05,485][__main__][INFO] - 1 - Registering input images...
mri_convert /data/hcp-plis/drive01/382242/T1w/382242/mri/orig.mgz /data/users2/washbee/speedrun/deepcsr-preprocessed/382242/mri.nii.gz 
mri_convert /data/hcp-plis/drive01/385450/T1w/385450/mri/orig.mgz /data/users2/washbee/speedrun/deepcsr-preprocessed/385450/mri.nii.gz 
[2022-12-20 02:57:05,532][__main__][INFO] - Data Preprocessing Routine
Config:
inputs:
  sample_id: 377451
  mri_vol_path: /data/hcp-plis/drive01/377451/T1w/377451/mri/orig.mgz
  lh_pial_path: /data/hcp-plis/drive01/377451/T1w/377451/surf/lh.pial
  lh_white_path: /data/hcp-plis/drive01/377451/T1w/377451/surf/lh.white
  rh_pial_path: /data/hcp-plis/drive01/377451/T1w/377451/surf/rh.pial
  rh_white_path: /data/hcp-plis/drive01/377451/T1w/377451/surf/rh.white
registration:
  only_rigid: false
  template_path: /deepcsr/resources/MNI152_T1_1mm.nii.gz
sampling:
  num_points: 4000000
  bbox_ratio: 0.1
  bbox_size:
  - 192.0
  - 228.0
  - 192.0
  point_pertub_sigma: 1.0
  distance_method: point2center
outputs:
  output_dir: /data/users2/washbee/speedrun/deepcsr-preprocessed
  compress: true

[2022-12-20 02:57:05,532][__main__][INFO] - 1 - Registering input images...
[2022-12-20 02:57:05,533][__main__][INFO] - Data Preprocessing Routine
Config:
inputs:
  sample_id: 386250
  mri_vol_path: /data/hcp-plis/drive01/386250/T1w/386250/mri/orig.mgz
  lh_pial_path: /data/hcp-plis/drive01/386250/T1w/386250/surf/lh.pial
  lh_white_path: /data/hcp-plis/drive01/386250/T1w/386250/surf/lh.white
  rh_pial_path: /data/hcp-plis/drive01/386250/T1w/386250/surf/rh.pial
  rh_white_path: /data/hcp-plis/drive01/386250/T1w/386250/surf/rh.white
registration:
  only_rigid: false
  template_path: /deepcsr/resources/MNI152_T1_1mm.nii.gz
sampling:
  num_points: 4000000
  bbox_ratio: 0.1
  bbox_size:
  - 192.0
  - 228.0
  - 192.0
  point_pertub_sigma: 1.0
  distance_method: point2center
outputs:
  output_dir: /data/users2/washbee/speedrun/deepcsr-preprocessed
  compress: true

[2022-12-20 02:57:05,534][__main__][INFO] - 1 - Registering input images...
mri_convert /data/hcp-plis/drive01/377451/T1w/377451/mri/orig.mgz /data/users2/washbee/speedrun/deepcsr-preprocessed/377451/mri.nii.gz 
mri_convert /data/hcp-plis/drive01/386250/T1w/386250/mri/orig.mgz /data/users2/washbee/speedrun/deepcsr-preprocessed/386250/mri.nii.gz 
[2022-12-20 02:57:05,628][__main__][INFO] - Data Preprocessing Routine
Config:
inputs:
  sample_id: 381038
  mri_vol_path: /data/hcp-plis/drive01/381038/T1w/381038/mri/orig.mgz
  lh_pial_path: /data/hcp-plis/drive01/381038/T1w/381038/surf/lh.pial
  lh_white_path: /data/hcp-plis/drive01/381038/T1w/381038/surf/lh.white
  rh_pial_path: /data/hcp-plis/drive01/381038/T1w/381038/surf/rh.pial
  rh_white_path: /data/hcp-plis/drive01/381038/T1w/381038/surf/rh.white
registration:
  only_rigid: false
  template_path: /deepcsr/resources/MNI152_T1_1mm.nii.gz
sampling:
  num_points: 4000000
  bbox_ratio: 0.1
  bbox_size:
  - 192.0
  - 228.0
  - 192.0
  point_pertub_sigma: 1.0
  distance_method: point2center
outputs:
  output_dir: /data/users2/washbee/speedrun/deepcsr-preprocessed
  compress: true

[2022-12-20 02:57:05,628][__main__][INFO] - 1 - Registering input images...
[2022-12-20 02:57:05,629][__main__][INFO] - Data Preprocessing Routine
Config:
inputs:
  sample_id: 379657
  mri_vol_path: /data/hcp-plis/drive01/379657/T1w/379657/mri/orig.mgz
  lh_pial_path: /data/hcp-plis/drive01/379657/T1w/379657/surf/lh.pial
  lh_white_path: /data/hcp-plis/drive01/379657/T1w/379657/surf/lh.white
  rh_pial_path: /data/hcp-plis/drive01/379657/T1w/379657/surf/rh.pial
  rh_white_path: /data/hcp-plis/drive01/379657/T1w/379657/surf/rh.white
registration:
  only_rigid: false
  template_path: /deepcsr/resources/MNI152_T1_1mm.nii.gz
sampling:
  num_points: 4000000
  bbox_ratio: 0.1
  bbox_size:
  - 192.0
  - 228.0
  - 192.0
  point_pertub_sigma: 1.0
  distance_method: point2center
outputs:
  output_dir: /data/users2/washbee/speedrun/deepcsr-preprocessed
  compress: true

[2022-12-20 02:57:05,629][__main__][INFO] - 1 - Registering input images...
mri_convert /data/hcp-plis/drive01/381038/T1w/381038/mri/orig.mgz /data/users2/washbee/speedrun/deepcsr-preprocessed/381038/mri.nii.gz 
mri_convert /data/hcp-plis/drive01/379657/T1w/379657/mri/orig.mgz /data/users2/washbee/speedrun/deepcsr-preprocessed/379657/mri.nii.gz 
[2022-12-20 02:57:05,652][__main__][INFO] - Data Preprocessing Routine
Config:
inputs:
  sample_id: 378857
  mri_vol_path: /data/hcp-plis/drive01/378857/T1w/378857/mri/orig.mgz
  lh_pial_path: /data/hcp-plis/drive01/378857/T1w/378857/surf/lh.pial
  lh_white_path: /data/hcp-plis/drive01/378857/T1w/378857/surf/lh.white
  rh_pial_path: /data/hcp-plis/drive01/378857/T1w/378857/surf/rh.pial
  rh_white_path: /data/hcp-plis/drive01/378857/T1w/378857/surf/rh.white
registration:
  only_rigid: false
  template_path: /deepcsr/resources/MNI152_T1_1mm.nii.gz
sampling:
  num_points: 4000000
  bbox_ratio: 0.1
  bbox_size:
  - 192.0
  - 228.0
  - 192.0
  point_pertub_sigma: 1.0
  distance_method: point2center
outputs:
  output_dir: /data/users2/washbee/speedrun/deepcsr-preprocessed
  compress: true

[2022-12-20 02:57:05,653][__main__][INFO] - 1 - Registering input images...
mri_convert /data/hcp-plis/drive01/378857/T1w/378857/mri/orig.mgz /data/users2/washbee/speedrun/deepcsr-preprocessed/378857/mri.nii.gz 
[2022-12-20 02:57:05,671][__main__][INFO] - Data Preprocessing Routine
Config:
inputs:
  sample_id: 380036
  mri_vol_path: /data/hcp-plis/drive01/380036/T1w/380036/mri/orig.mgz
  lh_pial_path: /data/hcp-plis/drive01/380036/T1w/380036/surf/lh.pial
  lh_white_path: /data/hcp-plis/drive01/380036/T1w/380036/surf/lh.white
  rh_pial_path: /data/hcp-plis/drive01/380036/T1w/380036/surf/rh.pial
  rh_white_path: /data/hcp-plis/drive01/380036/T1w/380036/surf/rh.white
registration:
  only_rigid: false
  template_path: /deepcsr/resources/MNI152_T1_1mm.nii.gz
sampling:
  num_points: 4000000
  bbox_ratio: 0.1
  bbox_size:
  - 192.0
  - 228.0
  - 192.0
  point_pertub_sigma: 1.0
  distance_method: point2center
outputs:
  output_dir: /data/users2/washbee/speedrun/deepcsr-preprocessed
  compress: true

[2022-12-20 02:57:05,672][__main__][INFO] - 1 - Registering input images...
mri_convert /data/hcp-plis/drive01/380036/T1w/380036/mri/orig.mgz /data/users2/washbee/speedrun/deepcsr-preprocessed/380036/mri.nii.gz 
reading from /data/hcp-plis/drive01/389357/T1w/389357/mri/orig.mgz...
TR=2400.00, TE=0.00, TI=0.00, flip angle=0.00
i_ras = (-1, 0, 0)
j_ras = (0, 0, -1)
k_ras = (0, 1, 0)
writing to /data/users2/washbee/speedrun/deepcsr-preprocessed/389357/mri.nii.gz...
reading from /data/hcp-plis/drive01/386250/T1w/386250/mri/orig.mgz...
TR=2400.00, TE=0.00, TI=0.00, flip angle=0.00
i_ras = (-1, 0, 0)
j_ras = (0, 0, -1)
k_ras = (0, 1, 0)
writing to /data/users2/washbee/speedrun/deepcsr-preprocessed/386250/mri.nii.gz...
reading from /data/hcp-plis/drive01/377451/T1w/377451/mri/orig.mgz...
TR=2400.00, TE=0.00, TI=0.00, flip angle=0.00
i_ras = (-1, 0, 0)
j_ras = (0, 0, -1)
k_ras = (0, 1, 0)
writing to /data/users2/washbee/speedrun/deepcsr-preprocessed/377451/mri.nii.gz...
reading from /data/hcp-plis/drive01/385450/T1w/385450/mri/orig.mgz...
TR=2400.00, TE=0.00, TI=0.00, flip angle=0.00
i_ras = (-1, 0, 0)
j_ras = (0, 0, -1)
k_ras = (0, 1, 0)
writing to /data/users2/washbee/speedrun/deepcsr-preprocessed/385450/mri.nii.gz...
reading from /data/hcp-plis/drive01/387959/T1w/387959/mri/orig.mgz...
TR=2400.00, TE=0.00, TI=0.00, flip angle=0.00
i_ras = (-1, 0, 0)
j_ras = (0, 0, -1)
k_ras = (0, 1, 0)
writing to /data/users2/washbee/speedrun/deepcsr-preprocessed/387959/mri.nii.gz...
reading from /data/hcp-plis/drive01/382242/T1w/382242/mri/orig.mgz...
TR=2400.00, TE=0.00, TI=0.00, flip angle=0.00
i_ras = (-1, 0, 0)
j_ras = (0, 0, -1)
k_ras = (0, 1, 0)
writing to /data/users2/washbee/speedrun/deepcsr-preprocessed/382242/mri.nii.gz...
reading from /data/hcp-plis/drive01/381543/T1w/381543/mri/orig.mgz...
TR=2400.00, TE=0.00, TI=0.00, flip angle=0.00
i_ras = (-1, 0, 0)
j_ras = (0, 0, -1)
k_ras = (0, 1, 0)
writing to /data/users2/washbee/speedrun/deepcsr-preprocessed/381543/mri.nii.gz...
reading from /data/hcp-plis/drive01/381038/T1w/381038/mri/orig.mgz...
TR=2400.00, TE=0.00, TI=0.00, flip angle=0.00
i_ras = (-1, 0, 0)
j_ras = (0, 0, -1)
k_ras = (0, 1, 0)
writing to /data/users2/washbee/speedrun/deepcsr-preprocessed/381038/mri.nii.gz...
reading from /data/hcp-plis/drive01/380036/T1w/380036/mri/orig.mgz...
TR=2400.00, TE=0.00, TI=0.00, flip angle=0.00
i_ras = (-1, 0, 0)
j_ras = (0, 0, -1)
k_ras = (0, 1, 0)
writing to /data/users2/washbee/speedrun/deepcsr-preprocessed/380036/mri.nii.gz...
reading from /data/hcp-plis/drive01/378857/T1w/378857/mri/orig.mgz...
TR=2400.00, TE=0.00, TI=0.00, flip angle=0.00
i_ras = (-1, 0, 0)
j_ras = (0, 0, -1)
k_ras = (0, 1, 0)
writing to /data/users2/washbee/speedrun/deepcsr-preprocessed/378857/mri.nii.gz...
reading from /data/hcp-plis/drive01/379657/T1w/379657/mri/orig.mgz...
TR=2400.00, TE=0.00, TI=0.00, flip angle=0.00
i_ras = (-1, 0, 0)
j_ras = (0, 0, -1)
k_ras = (0, 1, 0)
writing to /data/users2/washbee/speedrun/deepcsr-preprocessed/379657/mri.nii.gz...

[NiftyReg ALADIN] Command line:
	 reg_aladin -ref /deepcsr/resources/MNI152_T1_1mm.nii.gz -flo /data/users2/washbee/speedrun/deepcsr-preprocessed/389357/mri.nii.gz -aff /data/users2/washbee/speedrun/deepcsr-preprocessed/389357/transform_affine.txt

[reg_aladin_sym] Parameters
[reg_aladin_sym] Reference image name: /deepcsr/resources/MNI152_T1_1mm.nii.gz
[reg_aladin_sym] 	182x218x182 voxels
[reg_aladin_sym] 	1x1x1 mm
[reg_aladin_sym] Floating image name: /data/users2/washbee/speedrun/deepcsr-preprocessed/389357/mri.nii.gz
[reg_aladin_sym] 	256x256x256 voxels
[reg_aladin_sym] 	1x1x1 mm
[reg_aladin_sym] Maximum iteration number: 5 (10 during the first level)
[reg_aladin_sym] Percentage of blocks: 50 %
* * * * * * * * * * * * * * * * * * * * * * * * * * * * * * * * * * * * * * * *
[reg_aladin_sym] Current level 1 / 3
[reg_aladin_sym] reference image size: 	46x55x46 voxels	4x4x4 mm
[reg_aladin_sym] floating image size: 	64x64x64 voxels	4x4x4 mm
[reg_aladin_sym] Block size = [4 4 4]
* * * * * * * * * * * * * * * * * * * * * * * * * * * * * * * * * * * * * * * *
[reg_aladin_sym] Forward Block number = [12 14 12]
[reg_aladin_sym] Backward Block number = [16 16 16]
[reg_aladin_sym] Initial forward transformation matrix::
1.0000	0.0000	0.0000	0.0000
0.0000	1.0000	0.0000	-0.5000
0.0000	0.0000	1.0000	0.0000
0.0000	0.0000	0.0000	1.0000
[reg_aladin_sym] Initial backward transformation matrix::
1.0000	0.0000	0.0000	0.0000
0.0000	1.0000	0.0000	0.5000
0.0000	0.0000	1.0000	0.0000
0.0000	0.0000	0.0000	1.0000
* * * * * * * * * * * * * * * * * * * * * * * * * * * * * * * * * * * * * * * *
[reg_aladin_sym] Final forward transformation matrix::
0.9073	-0.0069	0.0083	0.0257
0.0242	0.9630	0.0397	0.2679
0.0150	-0.0527	0.8591	-1.2607
0.0000	0.0000	0.0000	1.0000
[reg_aladin_sym] Final backward transformation matrix::
1.1021	0.0073	-0.0110	-0.0442
-0.0269	1.0356	-0.0476	-0.3368
-0.0209	0.0634	1.1613	1.4475
0.0000	0.0000	0.0000	1.0000
- - - - - - - - - - - - - - - - - - - - - - - - - - - - - - - - - - - - - - - -
[reg_aladin_sym] Current level 2 / 3
[reg_aladin_sym] reference image size: 	91x109x91 voxels	2x2x2 mm
[reg_aladin_sym] floating image size: 	128x128x128 voxels	2x2x2 mm
[reg_aladin_sym] Block size = [4 4 4]
* * * * * * * * * * * * * * * * * * * * * * * * * * * * * * * * * * * * * * * *
[reg_aladin_sym] Forward Block number = [23 28 23]
[reg_aladin_sym] Backward Block number = [32 32 32]
[reg_aladin_sym] Initial forward transformation matrix::
0.9073	-0.0069	0.0083	0.0257
0.0242	0.9630	0.0397	0.2679
0.0150	-0.0527	0.8591	-1.2607
0.0000	0.0000	0.0000	1.0000
[reg_aladin_sym] Initial backward transformation matrix::
1.1021	0.0073	-0.0110	-0.0442
-0.0269	1.0356	-0.0476	-0.3368
-0.0209	0.0634	1.1613	1.4475
0.0000	0.0000	0.0000	1.0000
* * * * * * * * * * * * * * * * * * * * * * * * * * * * * * * * * * * * * * * *
[reg_aladin_sym] Final forward transformation matrix::
0.9093	-0.0017	-0.0003	-0.2892
0.0126	0.9628	0.0568	0.5893
-0.0021	-0.0532	0.8584	-0.9760
0.0000	0.0000	0.0000	1.0000
[reg_aladin_sym] Final backward transformation matrix::
1.0997	0.0019	0.0002	0.3171
-0.0145	1.0348	-0.0685	-0.6809
0.0018	0.0641	1.1607	1.0956
0.0000	0.0000	0.0000	1.0000
- - - - - - - - - - - - - - - - - - - - - - - - - - - - - - - - - - - - - - - -
[reg_aladin_sym] Current level 3 / 3
[reg_aladin_sym] reference image size: 	182x218x182 voxels	1x1x1 mm
[reg_aladin_sym] floating image size: 	256x256x256 voxels	1x1x1 mm
[reg_aladin_sym] Block size = [4 4 4]
* * * * * * * * * * * * * * * * * * * * * * * * * * * * * * * * * * * * * * * *
[reg_aladin_sym] Forward Block number = [46 55 46]
[reg_aladin_sym] Backward Block number = [64 64 64]
[reg_aladin_sym] Initial forward transformation matrix::
0.9093	-0.0017	-0.0003	-0.2892
0.0126	0.9628	0.0568	0.5893
-0.0021	-0.0532	0.8584	-0.9760
0.0000	0.0000	0.0000	1.0000
[reg_aladin_sym] Initial backward transformation matrix::
1.0997	0.0019	0.0002	0.3171
-0.0145	1.0348	-0.0685	-0.6809
0.0018	0.0641	1.1607	1.0956
0.0000	0.0000	0.0000	1.0000
* * * * * * * * * * * * * * * * * * * * * * * * * * * * * * * * * * * * * * * *
[reg_aladin_sym] Final forward transformation matrix::
0.8967	-0.0030	0.0000	-0.1905
0.0085	0.9560	0.0468	0.2621
-0.0081	-0.0623	0.8499	-1.2257
0.0000	0.0000	0.0000	1.0000
[reg_aladin_sym] Final backward transformation matrix::
1.1152	0.0035	-0.0002	0.2112
-0.0105	1.0423	-0.0574	-0.3456
0.0099	0.0764	1.1724	1.4189
0.0000	0.0000	0.0000	1.0000
- - - - - - - - - - - - - - - - - - - - - - - - - - - - - - - - - - - - - - - -
Registration Performed in 2 min 9 sec
Have a good day !

* * * * * * * * * * * * * * * * * * * * * * * * * * * * * * * * * * * * * * * *
Command line:
 reg_resample -ref /deepcsr/resources/MNI152_T1_1mm.nii.gz -flo /data/users2/washbee/speedrun/deepcsr-preprocessed/389357/mri.nii.gz -trans /data/users2/washbee/speedrun/deepcsr-preprocessed/389357/transform_affine.txt -res /data/users2/washbee/speedrun/deepcsr-preprocessed/389357/mri.nii.gz -inter 3

Parameters
Reference image name: /deepcsr/resources/MNI152_T1_1mm.nii.gz
	182x218x182 voxels, 1 volumes
	1x1x1 mm
Floating image name: /data/users2/washbee/speedrun/deepcsr-preprocessed/389357/mri.nii.gz
	256x256x256 voxels, 1 volumes
	1x1x1 mm
* * * * * * * * * * * * * * * * * * * * * * * * * * * * * * * * * * * * * * * *

[NiftyReg] Resampled image has been saved: /data/users2/washbee/speedrun/deepcsr-preprocessed/389357/mri.nii.gz
[2022-12-20 02:59:17,694][__main__][INFO] - Image registration done in 131.32563591003418 seconds
[2022-12-20 02:59:17,695][__main__][INFO] - 2 - Converting and warping surfaces
Converting from tkr to scanner coordinates
Saving /data/users2/washbee/speedrun/deepcsr-preprocessed/389357/lh_pial.stl as a surface
[2022-12-20 02:59:19,098][__main__][INFO] - Surface lh_pial converted and warped in 1.3973479270935059 seconds
Converting from tkr to scanner coordinates
Saving /data/users2/washbee/speedrun/deepcsr-preprocessed/389357/lh_white.stl as a surface
[2022-12-20 02:59:20,225][__main__][INFO] - Surface lh_white converted and warped in 1.1267199516296387 seconds
Converting from tkr to scanner coordinates
Saving /data/users2/washbee/speedrun/deepcsr-preprocessed/389357/rh_pial.stl as a surface
[2022-12-20 02:59:21,393][__main__][INFO] - Surface rh_pial converted and warped in 1.167099952697754 seconds
Converting from tkr to scanner coordinates
Saving /data/users2/washbee/speedrun/deepcsr-preprocessed/389357/rh_white.stl as a surface
[2022-12-20 02:59:22,543][__main__][INFO] - Surface rh_white converted and warped in 1.1505062580108643 seconds
[2022-12-20 02:59:22,544][__main__][INFO] - All surfaces conversion and warping done in 4.848912000656128 seconds

[NiftyReg ALADIN] Command line:
	 reg_aladin -ref /deepcsr/resources/MNI152_T1_1mm.nii.gz -flo /data/users2/washbee/speedrun/deepcsr-preprocessed/382242/mri.nii.gz -aff /data/users2/washbee/speedrun/deepcsr-preprocessed/382242/transform_affine.txt

[reg_aladin_sym] Parameters
[reg_aladin_sym] Reference image name: /deepcsr/resources/MNI152_T1_1mm.nii.gz
[reg_aladin_sym] 	182x218x182 voxels
[reg_aladin_sym] 	1x1x1 mm
[reg_aladin_sym] Floating image name: /data/users2/washbee/speedrun/deepcsr-preprocessed/382242/mri.nii.gz
[reg_aladin_sym] 	256x256x256 voxels
[reg_aladin_sym] 	1x1x1 mm
[reg_aladin_sym] Maximum iteration number: 5 (10 during the first level)
[reg_aladin_sym] Percentage of blocks: 50 %
* * * * * * * * * * * * * * * * * * * * * * * * * * * * * * * * * * * * * * * *
[reg_aladin_sym] Current level 1 / 3
[reg_aladin_sym] reference image size: 	46x55x46 voxels	4x4x4 mm
[reg_aladin_sym] floating image size: 	64x64x64 voxels	4x4x4 mm
[reg_aladin_sym] Block size = [4 4 4]
* * * * * * * * * * * * * * * * * * * * * * * * * * * * * * * * * * * * * * * *
[reg_aladin_sym] Forward Block number = [12 14 12]
[reg_aladin_sym] Backward Block number = [16 16 16]
[reg_aladin_sym] Initial forward transformation matrix::
1.0000	0.0000	0.0000	0.0000
0.0000	1.0000	0.0000	-0.5000
0.0000	0.0000	1.0000	0.0000
0.0000	0.0000	0.0000	1.0000
[reg_aladin_sym] Initial backward transformation matrix::
1.0000	0.0000	0.0000	0.0000
0.0000	1.0000	0.0000	0.5000
0.0000	0.0000	1.0000	0.0000
0.0000	0.0000	0.0000	1.0000
* * * * * * * * * * * * * * * * * * * * * * * * * * * * * * * * * * * * * * * *
[reg_aladin_sym] Final forward transformation matrix::
0.9294	-0.0196	-0.0175	0.0312
0.0365	0.9618	0.0180	-0.4636
-0.0020	0.0162	0.9077	-0.5180
0.0000	0.0000	0.0000	1.0000
[reg_aladin_sym] Final backward transformation matrix::
1.0752	0.0215	0.0203	-0.0130
-0.0408	1.0392	-0.0214	0.4720
0.0030	-0.0185	1.1021	0.5623
0.0000	0.0000	0.0000	1.0000
- - - - - - - - - - - - - - - - - - - - - - - - - - - - - - - - - - - - - - - -
[reg_aladin_sym] Current level 2 / 3
[reg_aladin_sym] reference image size: 	91x109x91 voxels	2x2x2 mm
[reg_aladin_sym] floating image size: 	128x128x128 voxels	2x2x2 mm
[reg_aladin_sym] Block size = [4 4 4]
* * * * * * * * * * * * * * * * * * * * * * * * * * * * * * * * * * * * * * * *
[reg_aladin_sym] Forward Block number = [23 28 23]
[reg_aladin_sym] Backward Block number = [32 32 32]
[reg_aladin_sym] Initial forward transformation matrix::
0.9294	-0.0196	-0.0175	0.0312
0.0365	0.9618	0.0180	-0.4636
-0.0020	0.0162	0.9077	-0.5180
0.0000	0.0000	0.0000	1.0000
[reg_aladin_sym] Initial backward transformation matrix::
1.0752	0.0215	0.0203	-0.0130
-0.0408	1.0392	-0.0214	0.4720
0.0030	-0.0185	1.1021	0.5623
0.0000	0.0000	0.0000	1.0000
* * * * * * * * * * * * * * * * * * * * * * * * * * * * * * * * * * * * * * * *
[reg_aladin_sym] Final forward transformation matrix::
0.9359	-0.0188	-0.0101	0.2164
0.0406	0.9684	0.0203	-0.1088
-0.0114	0.0160	0.9092	-0.9372
0.0000	0.0000	0.0000	1.0000
[reg_aladin_sym] Final backward transformation matrix::
1.0677	0.0205	0.0114	-0.2181
-0.0451	1.0321	-0.0236	0.1000
0.0142	-0.0179	1.1005	1.0263
0.0000	0.0000	0.0000	1.0000
- - - - - - - - - - - - - - - - - - - - - - - - - - - - - - - - - - - - - - - -
[reg_aladin_sym] Current level 3 / 3
[reg_aladin_sym] reference image size: 	182x218x182 voxels	1x1x1 mm
[reg_aladin_sym] floating image size: 	256x256x256 voxels	1x1x1 mm
[reg_aladin_sym] Block size = [4 4 4]
* * * * * * * * * * * * * * * * * * * * * * * * * * * * * * * * * * * * * * * *
[reg_aladin_sym] Forward Block number = [46 55 46]
[reg_aladin_sym] Backward Block number = [64 64 64]
[reg_aladin_sym] Initial forward transformation matrix::
0.9359	-0.0188	-0.0101	0.2164
0.0406	0.9684	0.0203	-0.1088
-0.0114	0.0160	0.9092	-0.9372
0.0000	0.0000	0.0000	1.0000
[reg_aladin_sym] Initial backward transformation matrix::
1.0677	0.0205	0.0114	-0.2181
-0.0451	1.0321	-0.0236	0.1000
0.0142	-0.0179	1.1005	1.0263
0.0000	0.0000	0.0000	1.0000
* * * * * * * * * * * * * * * * * * * * * * * * * * * * * * * * * * * * * * * *
[reg_aladin_sym] Final forward transformation matrix::
0.9185	-0.0176	-0.0119	0.3190
0.0533	0.9548	0.0192	-0.1571
-0.0026	0.0199	0.9105	-0.8538
0.0000	0.0000	0.0000	1.0000
[reg_aladin_sym] Final backward transformation matrix::
1.0876	0.0197	0.0138	-0.3321
-0.0608	1.0467	-0.0229	0.1643
0.0044	-0.0228	1.0988	0.9331
0.0000	0.0000	0.0000	1.0000
- - - - - - - - - - - - - - - - - - - - - - - - - - - - - - - - - - - - - - - -
Registration Performed in 2 min 16 sec
Have a good day !

[NiftyReg ALADIN] Command line:
	 reg_aladin -ref /deepcsr/resources/MNI152_T1_1mm.nii.gz -flo /data/users2/washbee/speedrun/deepcsr-preprocessed/381543/mri.nii.gz -aff /data/users2/washbee/speedrun/deepcsr-preprocessed/381543/transform_affine.txt

[reg_aladin_sym] Parameters
[reg_aladin_sym] Reference image name: /deepcsr/resources/MNI152_T1_1mm.nii.gz
[reg_aladin_sym] 	182x218x182 voxels
[reg_aladin_sym] 	1x1x1 mm
[reg_aladin_sym] Floating image name: /data/users2/washbee/speedrun/deepcsr-preprocessed/381543/mri.nii.gz
[reg_aladin_sym] 	256x256x256 voxels
[reg_aladin_sym] 	1x1x1 mm
[reg_aladin_sym] Maximum iteration number: 5 (10 during the first level)
[reg_aladin_sym] Percentage of blocks: 50 %
* * * * * * * * * * * * * * * * * * * * * * * * * * * * * * * * * * * * * * * *
[reg_aladin_sym] Current level 1 / 3
[reg_aladin_sym] reference image size: 	46x55x46 voxels	4x4x4 mm
[reg_aladin_sym] floating image size: 	64x64x64 voxels	4x4x4 mm
[reg_aladin_sym] Block size = [4 4 4]
* * * * * * * * * * * * * * * * * * * * * * * * * * * * * * * * * * * * * * * *
[reg_aladin_sym] Forward Block number = [12 14 12]
[reg_aladin_sym] Backward Block number = [16 16 16]
[reg_aladin_sym] Initial forward transformation matrix::
1.0000	0.0000	0.0000	0.0000
0.0000	1.0000	0.0000	-0.5000
0.0000	0.0000	1.0000	0.0000
0.0000	0.0000	0.0000	1.0000
[reg_aladin_sym] Initial backward transformation matrix::
1.0000	0.0000	0.0000	0.0000
0.0000	1.0000	0.0000	0.5000
0.0000	0.0000	1.0000	0.0000
0.0000	0.0000	0.0000	1.0000
* * * * * * * * * * * * * * * * * * * * * * * * * * * * * * * * * * * * * * * *
[reg_aladin_sym] Final forward transformation matrix::
0.9217	0.0103	0.0264	0.0646
-0.0072	0.9556	0.0298	0.4933
0.0053	-0.0158	0.8697	-2.4273
0.0000	0.0000	0.0000	1.0000
[reg_aladin_sym] Final backward transformation matrix::
1.0850	-0.0122	-0.0326	-0.1431
0.0084	1.0458	-0.0361	-0.6040
-0.0065	0.0191	1.1493	2.7808
0.0000	0.0000	0.0000	1.0000
- - - - - - - - - - - - - - - - - - - - - - - - - - - - - - - - - - - - - - - -
[reg_aladin_sym] Current level 2 / 3
[reg_aladin_sym] reference image size: 	91x109x91 voxels	2x2x2 mm
[reg_aladin_sym] floating image size: 	128x128x128 voxels	2x2x2 mm
[reg_aladin_sym] Block size = [4 4 4]
* * * * * * * * * * * * * * * * * * * * * * * * * * * * * * * * * * * * * * * *
[reg_aladin_sym] Forward Block number = [23 28 23]
[reg_aladin_sym] Backward Block number = [32 32 32]
[reg_aladin_sym] Initial forward transformation matrix::
0.9217	0.0103	0.0264	0.0646
-0.0072	0.9556	0.0298	0.4933
0.0053	-0.0158	0.8697	-2.4273
0.0000	0.0000	0.0000	1.0000
[reg_aladin_sym] Initial backward transformation matrix::
1.0850	-0.0122	-0.0326	-0.1431
0.0084	1.0458	-0.0361	-0.6040
-0.0065	0.0191	1.1493	2.7808
0.0000	0.0000	0.0000	1.0000
* * * * * * * * * * * * * * * * * * * * * * * * * * * * * * * * * * * * * * * *
[reg_aladin_sym] Final forward transformation matrix::
0.9214	0.0047	0.0053	-0.1423
-0.0302	0.9625	0.0071	0.5844
-0.0197	-0.0157	0.8625	-1.8310
0.0000	0.0000	0.0000	1.0000
[reg_aladin_sym] Final backward transformation matrix::
1.0850	-0.0054	-0.0066	0.1454
0.0338	1.0387	-0.0087	-0.6182
0.0254	0.0187	1.1592	2.1151
0.0000	0.0000	0.0000	1.0000
- - - - - - - - - - - - - - - - - - - - - - - - - - - - - - - - - - - - - - - -
[reg_aladin_sym] Current level 3 / 3
[reg_aladin_sym] reference image size: 	182x218x182 voxels	1x1x1 mm
[reg_aladin_sym] floating image size: 	256x256x256 voxels	1x1x1 mm
[reg_aladin_sym] Block size = [4 4 4]
* * * * * * * * * * * * * * * * * * * * * * * * * * * * * * * * * * * * * * * *
[reg_aladin_sym] Forward Block number = [46 55 46]
[reg_aladin_sym] Backward Block number = [64 64 64]
[reg_aladin_sym] Initial forward transformation matrix::
0.9214	0.0047	0.0053	-0.1423
-0.0302	0.9625	0.0071	0.5844
-0.0197	-0.0157	0.8625	-1.8310
0.0000	0.0000	0.0000	1.0000
[reg_aladin_sym] Initial backward transformation matrix::
1.0850	-0.0054	-0.0066	0.1454
0.0338	1.0387	-0.0087	-0.6182
0.0254	0.0187	1.1592	2.1151
0.0000	0.0000	0.0000	1.0000
* * * * * * * * * * * * * * * * * * * * * * * * * * * * * * * * * * * * * * * *
[reg_aladin_sym] Final forward transformation matrix::
0.9104	0.0096	0.0088	0.0317
-0.0382	0.9495	0.0046	0.2830
-0.0171	-0.0162	0.8602	-2.0045
0.0000	0.0000	0.0000	1.0000
[reg_aladin_sym] Final backward transformation matrix::
1.0977	-0.0112	-0.0112	-0.0541
0.0441	1.0526	-0.0061	-0.3114
0.0227	0.0197	1.1622	2.3234
0.0000	0.0000	0.0000	1.0000
- - - - - - - - - - - - - - - - - - - - - - - - - - - - - - - - - - - - - - - -
Registration Performed in 2 min 17 sec
Have a good day !
[2022-12-20 02:59:23,986][__main__][INFO] - 3 - Generating point clouds

* * * * * * * * * * * * * * * * * * * * * * * * * * * * * * * * * * * * * * * *
Command line:
 reg_resample -ref /deepcsr/resources/MNI152_T1_1mm.nii.gz -flo /data/users2/washbee/speedrun/deepcsr-preprocessed/382242/mri.nii.gz -trans /data/users2/washbee/speedrun/deepcsr-preprocessed/382242/transform_affine.txt -res /data/users2/washbee/speedrun/deepcsr-preprocessed/382242/mri.nii.gz -inter 3

Parameters
Reference image name: /deepcsr/resources/MNI152_T1_1mm.nii.gz
	182x218x182 voxels, 1 volumes
	1x1x1 mm
Floating image name: /data/users2/washbee/speedrun/deepcsr-preprocessed/382242/mri.nii.gz
	256x256x256 voxels, 1 volumes
	1x1x1 mm
* * * * * * * * * * * * * * * * * * * * * * * * * * * * * * * * * * * * * * * *

[NiftyReg] Resampled image has been saved: /data/users2/washbee/speedrun/deepcsr-preprocessed/382242/mri.nii.gz
[2022-12-20 02:59:24,661][__main__][INFO] - Image registration done in 138.1514229774475 seconds
[2022-12-20 02:59:24,661][__main__][INFO] - 2 - Converting and warping surfaces

[NiftyReg ALADIN] Command line:
	 reg_aladin -ref /deepcsr/resources/MNI152_T1_1mm.nii.gz -flo /data/users2/washbee/speedrun/deepcsr-preprocessed/386250/mri.nii.gz -aff /data/users2/washbee/speedrun/deepcsr-preprocessed/386250/transform_affine.txt

[reg_aladin_sym] Parameters
[reg_aladin_sym] Reference image name: /deepcsr/resources/MNI152_T1_1mm.nii.gz
[reg_aladin_sym] 	182x218x182 voxels
[reg_aladin_sym] 	1x1x1 mm
[reg_aladin_sym] Floating image name: /data/users2/washbee/speedrun/deepcsr-preprocessed/386250/mri.nii.gz
[reg_aladin_sym] 	256x256x256 voxels
[reg_aladin_sym] 	1x1x1 mm
[reg_aladin_sym] Maximum iteration number: 5 (10 during the first level)
[reg_aladin_sym] Percentage of blocks: 50 %
* * * * * * * * * * * * * * * * * * * * * * * * * * * * * * * * * * * * * * * *
[reg_aladin_sym] Current level 1 / 3
[reg_aladin_sym] reference image size: 	46x55x46 voxels	4x4x4 mm
[reg_aladin_sym] floating image size: 	64x64x64 voxels	4x4x4 mm
[reg_aladin_sym] Block size = [4 4 4]
* * * * * * * * * * * * * * * * * * * * * * * * * * * * * * * * * * * * * * * *
[reg_aladin_sym] Forward Block number = [12 14 12]
[reg_aladin_sym] Backward Block number = [16 16 16]
[reg_aladin_sym] Initial forward transformation matrix::
1.0000	0.0000	0.0000	0.0000
0.0000	1.0000	0.0000	-0.5000
0.0000	0.0000	1.0000	0.0000
0.0000	0.0000	0.0000	1.0000
[reg_aladin_sym] Initial backward transformation matrix::
1.0000	0.0000	0.0000	0.0000
0.0000	1.0000	0.0000	0.5000
0.0000	0.0000	1.0000	0.0000
0.0000	0.0000	0.0000	1.0000
* * * * * * * * * * * * * * * * * * * * * * * * * * * * * * * * * * * * * * * *
[reg_aladin_sym] Final forward transformation matrix::
0.9623	0.0084	-0.0059	0.3245
-0.0103	1.0284	0.0350	2.0649
-0.0010	-0.1064	0.9022	-1.9589
0.0000	0.0000	0.0000	1.0000
[reg_aladin_sym] Final backward transformation matrix::
1.0391	-0.0078	0.0071	-0.3074
0.0104	0.9684	-0.0375	-2.0765
0.0024	0.1142	1.1040	1.9259
0.0000	0.0000	0.0000	1.0000
- - - - - - - - - - - - - - - - - - - - - - - - - - - - - - - - - - - - - - - -
[reg_aladin_sym] Current level 2 / 3
[reg_aladin_sym] reference image size: 	91x109x91 voxels	2x2x2 mm
[reg_aladin_sym] floating image size: 	128x128x128 voxels	2x2x2 mm
[reg_aladin_sym] Block size = [4 4 4]
* * * * * * * * * * * * * * * * * * * * * * * * * * * * * * * * * * * * * * * *
[reg_aladin_sym] Forward Block number = [23 28 23]
[reg_aladin_sym] Backward Block number = [32 32 32]
[reg_aladin_sym] Initial forward transformation matrix::
0.9623	0.0084	-0.0059	0.3245
-0.0103	1.0284	0.0350	2.0649
-0.0010	-0.1064	0.9022	-1.9589
0.0000	0.0000	0.0000	1.0000
[reg_aladin_sym] Initial backward transformation matrix::
1.0391	-0.0078	0.0071	-0.3074
0.0104	0.9684	-0.0375	-2.0765
0.0024	0.1142	1.1040	1.9259
0.0000	0.0000	0.0000	1.0000
* * * * * * * * * * * * * * * * * * * * * * * * * * * * * * * * * * * * * * * *
[reg_aladin_sym] Final forward transformation matrix::
0.9668	-0.0028	-0.0187	-0.0481
-0.0214	1.0319	0.0743	2.4141
0.0087	-0.1093	0.9032	-1.5605
0.0000	0.0000	0.0000	1.0000
[reg_aladin_sym] Final backward transformation matrix::
1.0342	0.0050	0.0210	0.0706
0.0219	0.9608	-0.0786	-2.4411
-0.0073	0.1162	1.0974	1.4318
0.0000	0.0000	0.0000	1.0000
- - - - - - - - - - - - - - - - - - - - - - - - - - - - - - - - - - - - - - - -
[reg_aladin_sym] Current level 3 / 3
[reg_aladin_sym] reference image size: 	182x218x182 voxels	1x1x1 mm
[reg_aladin_sym] floating image size: 	256x256x256 voxels	1x1x1 mm
[reg_aladin_sym] Block size = [4 4 4]
* * * * * * * * * * * * * * * * * * * * * * * * * * * * * * * * * * * * * * * *
[reg_aladin_sym] Forward Block number = [46 55 46]
[reg_aladin_sym] Backward Block number = [64 64 64]
[reg_aladin_sym] Initial forward transformation matrix::
0.9668	-0.0028	-0.0187	-0.0481
-0.0214	1.0319	0.0743	2.4141
0.0087	-0.1093	0.9032	-1.5605
0.0000	0.0000	0.0000	1.0000
[reg_aladin_sym] Initial backward transformation matrix::
1.0342	0.0050	0.0210	0.0706
0.0219	0.9608	-0.0786	-2.4411
-0.0073	0.1162	1.0974	1.4318
0.0000	0.0000	0.0000	1.0000
* * * * * * * * * * * * * * * * * * * * * * * * * * * * * * * * * * * * * * * *
[reg_aladin_sym] Final forward transformation matrix::
0.9656	0.0032	-0.0084	0.0242
-0.0150	1.0335	0.0680	2.8352
0.0091	-0.1199	0.9041	-1.7108
0.0000	0.0000	0.0000	1.0000
[reg_aladin_sym] Final backward transformation matrix::
