-------- freesurfer-linux-ubuntu20_x86_64-7.3.2-20220804-6354275 --------
Setting up environment for FreeSurfer/FS-FAST (and FSL)
FREESURFER_HOME   /sysapps/ubuntu-applications/freesurfer/7.3.2/freesurfer
FSFAST_HOME       /sysapps/ubuntu-applications/freesurfer/7.3.2/freesurfer/fsfast
FSF_OUTPUT_FORMAT nii.gz
SUBJECTS_DIR      /sysapps/ubuntu-applications/freesurfer/7.3.2/freesurfer/subjects
MNI_DIR           /sysapps/ubuntu-applications/freesurfer/7.3.2/freesurfer/mni
pmdata 377451 377451 /data/hcp-plis/drive01/377451/T1w/377451/mri/orig.mgz
[2023-05-10 20:27:28,811][__main__][INFO] - Data Preprocessing Routine
Config:
inputs:
  sample_id: 377451
  mri_vol_path: /data/hcp-plis/drive01/377451/T1w/377451/mri/orig.mgz
  lh_pial_path: /data/hcp-plis/drive01/377451/T1w/377451/surf/lh.pial
  lh_white_path: /data/hcp-plis/drive01/377451/T1w/377451/surf/lh.white
  rh_pial_path: /data/hcp-plis/drive01/377451/T1w/377451/surf/rh.pial
  rh_white_path: /data/hcp-plis/drive01/377451/T1w/377451/surf/rh.white
registration:
  only_rigid: false
  template_path: /deepcsr/resources/MNI152_T1_1mm.nii.gz
sampling:
  num_points: 4000000
  bbox_ratio: 0.1
  bbox_size:
  - 192.0
  - 228.0
  - 192.0
  point_pertub_sigma: 1.0
  distance_method: point2center
outputs:
  output_dir: /data/users2/washbee/speedrun/deepcsr-preprocessed2
  compress: true

[2023-05-10 20:27:28,812][__main__][INFO] - 1 - Registering input images...
mri_convert /data/hcp-plis/drive01/377451/T1w/377451/mri/orig.mgz /data/users2/washbee/speedrun/deepcsr-preprocessed2/377451/mri.nii.gz 
reading from /data/hcp-plis/drive01/377451/T1w/377451/mri/orig.mgz...
TR=2400.00, TE=0.00, TI=0.00, flip angle=0.00
i_ras = (-1, 0, 0)
j_ras = (0, 0, -1)
k_ras = (0, 1, 0)
writing to /data/users2/washbee/speedrun/deepcsr-preprocessed2/377451/mri.nii.gz...

[NiftyReg ALADIN] Command line:
	 reg_aladin -ref /deepcsr/resources/MNI152_T1_1mm.nii.gz -flo /data/users2/washbee/speedrun/deepcsr-preprocessed2/377451/mri.nii.gz -aff /data/users2/washbee/speedrun/deepcsr-preprocessed2/377451/transform_affine.txt

[reg_aladin_sym] Parameters
[reg_aladin_sym] Reference image name: /deepcsr/resources/MNI152_T1_1mm.nii.gz
[reg_aladin_sym] 	182x218x182 voxels
[reg_aladin_sym] 	1x1x1 mm
[reg_aladin_sym] Floating image name: /data/users2/washbee/speedrun/deepcsr-preprocessed2/377451/mri.nii.gz
[reg_aladin_sym] 	256x256x256 voxels
[reg_aladin_sym] 	1x1x1 mm
[reg_aladin_sym] Maximum iteration number: 5 (10 during the first level)
[reg_aladin_sym] Percentage of blocks: 50 %
* * * * * * * * * * * * * * * * * * * * * * * * * * * * * * * * * * * * * * * *
[reg_aladin_sym] Current level 1 / 3
[reg_aladin_sym] reference image size: 	46x55x46 voxels	4x4x4 mm
[reg_aladin_sym] floating image size: 	64x64x64 voxels	4x4x4 mm
[reg_aladin_sym] Block size = [4 4 4]
* * * * * * * * * * * * * * * * * * * * * * * * * * * * * * * * * * * * * * * *
[reg_aladin_sym] Forward Block number = [12 14 12]
[reg_aladin_sym] Backward Block number = [16 16 16]
[reg_aladin_sym] Initial forward transformation matrix::
1.0000	0.0000	0.0000	0.0000
0.0000	1.0000	0.0000	-0.5000
0.0000	0.0000	1.0000	0.0000
0.0000	0.0000	0.0000	1.0000
[reg_aladin_sym] Initial backward transformation matrix::
1.0000	0.0000	0.0000	0.0000
0.0000	1.0000	0.0000	0.5000
0.0000	0.0000	1.0000	0.0000
0.0000	0.0000	0.0000	1.0000
* * * * * * * * * * * * * * * * * * * * * * * * * * * * * * * * * * * * * * * *
[reg_aladin_sym] Final forward transformation matrix::
0.9260	-0.0095	0.0059	-0.4320
0.0305	0.9604	0.0072	0.4291
0.0012	-0.0139	0.8952	-0.8832
0.0000	0.0000	0.0000	1.0000
[reg_aladin_sym] Final backward transformation matrix::
1.0796	0.0105	-0.0072	0.4555
-0.0343	1.0408	-0.0081	-0.4686
-0.0019	0.0161	1.1170	0.9788
0.0000	0.0000	0.0000	1.0000
- - - - - - - - - - - - - - - - - - - - - - - - - - - - - - - - - - - - - - - -
[reg_aladin_sym] Current level 2 / 3
[reg_aladin_sym] reference image size: 	91x109x91 voxels	2x2x2 mm
[reg_aladin_sym] floating image size: 	128x128x128 voxels	2x2x2 mm
[reg_aladin_sym] Block size = [4 4 4]
* * * * * * * * * * * * * * * * * * * * * * * * * * * * * * * * * * * * * * * *
[reg_aladin_sym] Forward Block number = [23 28 23]
[reg_aladin_sym] Backward Block number = [32 32 32]
[reg_aladin_sym] Initial forward transformation matrix::
0.9260	-0.0095	0.0059	-0.4320
0.0305	0.9604	0.0072	0.4291
0.0012	-0.0139	0.8952	-0.8832
0.0000	0.0000	0.0000	1.0000
[reg_aladin_sym] Initial backward transformation matrix::
1.0796	0.0105	-0.0072	0.4555
-0.0343	1.0408	-0.0081	-0.4686
-0.0019	0.0161	1.1170	0.9788
0.0000	0.0000	0.0000	1.0000
* * * * * * * * * * * * * * * * * * * * * * * * * * * * * * * * * * * * * * * *
[reg_aladin_sym] Final forward transformation matrix::
0.9325	-0.0122	-0.0032	-0.6215
0.0182	0.9755	0.0120	0.3492
0.0070	-0.0102	0.9049	-1.1169
0.0000	0.0000	0.0000	1.0000
[reg_aladin_sym] Final backward transformation matrix::
1.0721	0.0134	0.0037	0.6657
-0.0199	1.0248	-0.0137	-0.3855
-0.0085	0.0114	1.1050	1.2249
0.0000	0.0000	0.0000	1.0000
- - - - - - - - - - - - - - - - - - - - - - - - - - - - - - - - - - - - - - - -
[reg_aladin_sym] Current level 3 / 3
[reg_aladin_sym] reference image size: 	182x218x182 voxels	1x1x1 mm
[reg_aladin_sym] floating image size: 	256x256x256 voxels	1x1x1 mm
[reg_aladin_sym] Block size = [4 4 4]
* * * * * * * * * * * * * * * * * * * * * * * * * * * * * * * * * * * * * * * *
[reg_aladin_sym] Forward Block number = [46 55 46]
[reg_aladin_sym] Backward Block number = [64 64 64]
[reg_aladin_sym] Initial forward transformation matrix::
0.9325	-0.0122	-0.0032	-0.6215
0.0182	0.9755	0.0120	0.3492
0.0070	-0.0102	0.9049	-1.1169
0.0000	0.0000	0.0000	1.0000
[reg_aladin_sym] Initial backward transformation matrix::
1.0721	0.0134	0.0037	0.6657
-0.0199	1.0248	-0.0137	-0.3855
-0.0085	0.0114	1.1050	1.2249
0.0000	0.0000	0.0000	1.0000
* * * * * * * * * * * * * * * * * * * * * * * * * * * * * * * * * * * * * * * *
[reg_aladin_sym] Final forward transformation matrix::
0.9217	-0.0063	-0.0027	-0.7113
0.0204	0.9592	-0.0050	-0.0529
0.0110	-0.0140	0.8986	-1.1404
0.0000	0.0000	0.0000	1.0000
[reg_aladin_sym] Final backward transformation matrix::
1.0848	0.0072	0.0033	0.7758
-0.0231	1.0425	0.0057	0.0452
-0.0137	0.0162	1.1129	1.2604
0.0000	0.0000	0.0000	1.0000
- - - - - - - - - - - - - - - - - - - - - - - - - - - - - - - - - - - - - - - -
Registration Performed in 1 min 46 sec
Have a good day !
